0 0.54375 0.2972222222222222 0.06527777777777778 0.10185185185185185
0 0.38263888888888886 0.2833333333333333 0.06805555555555555 0.1111111111111111
0 0.0625 0.15 0.09722222222222222 0.13703703703703704
0 0.15833333333333333 0.1685185185185185 0.019444444444444445 0.025925925925925925
0 0.1284722222222222 0.16944444444444445 0.018055555555555554 0.03148148148148148
0 0.9243055555555556 0.14166666666666666 0.03194444444444444 0.05740740740740741
0 0.8958333333333334 0.15185185185185185 0.025 0.04814814814814815
0 0.8770833333333333 0.16203703703703703 0.02638888888888889 0.03888888888888889
0 0.8472222222222222 0.1425925925925926 0.027777777777777776 0.04814814814814815
0 0.8201388888888889 0.15 0.02638888888888889 0.044444444444444446
0 0.7944444444444444 0.14537037037037037 0.027777777777777776 0.046296296296296294
0 0.7493055555555556 0.15648148148148147 0.029166666666666667 0.05
0 0.7215277777777778 0.1574074074074074 0.020833333333333332 0.044444444444444446
0 0.5784722222222223 0.13055555555555556 0.015277777777777777 0.027777777777777776
0 0.4895833333333333 0.13703703703703704 0.018055555555555554 0.02962962962962963
0 0.44722222222222224 0.14629629629629629 0.016666666666666666 0.02962962962962963
0 0.4125 0.1425925925925926 0.022222222222222223 0.037037037037037035
0 0.3951388888888889 0.14907407407407408 0.018055555555555554 0.03518518518518519
0 0.3840277777777778 0.14907407407407408 0.018055555555555554 0.03518518518518519
0 0.36319444444444443 0.15555555555555556 0.020833333333333332 0.037037037037037035
0 0.32222222222222224 0.14722222222222223 0.019444444444444445 0.03518518518518519
0 0.34097222222222223 0.14537037037037037 0.020833333333333332 0.04259259259259259
0 0.2875 0.14722222222222223 0.022222222222222223 0.03888888888888889
0 0.25763888888888886 0.13518518518518519 0.020833333333333332 0.037037037037037035
0 0.22708333333333333 0.16111111111111112 0.020833333333333332 0.02962962962962963
0 0.24444444444444444 0.13240740740740742 0.013888888888888888 0.027777777777777776
0 0.20694444444444443 0.14907407407407408 0.019444444444444445 0.03518518518518519
0 0.18333333333333332 0.1537037037037037 0.019444444444444445 0.037037037037037035
0 0.7777777777777778 0.1425925925925926 0.019444444444444445 0.037037037037037035
0 0.7673611111111112 0.14444444444444443 0.018055555555555554 0.040740740740740744
0 0.9902777777777778 0.1675925925925926 0.019444444444444445 0.04259259259259259
0 0.9756944444444444 0.11851851851851852 0.029166666666666667 0.037037037037037035
0 0.5527777777777778 0.1287037037037037 0.016666666666666666 0.03148148148148148
0 0.5375 0.13703703703703704 0.016666666666666666 0.03333333333333333
0 0.5104166666666666 0.12314814814814815 0.020833333333333332 0.03518518518518519
0 0.14097222222222222 0.16666666666666666 0.015277777777777777 0.02962962962962963
0 0.16597222222222222 0.15092592592592594 0.015277777777777777 0.024074074074074074
0 0.15069444444444444 0.14814814814814814 0.015277777777777777 0.018518518518518517
0 0.22916666666666666 0.13333333333333333 0.013888888888888888 0.025925925925925925
0 0.21597222222222223 0.14074074074074075 0.0125 0.022222222222222223
0 0.3090277777777778 0.13703703703703704 0.0125 0.022222222222222223
0 0.2722222222222222 0.1388888888888889 0.011111111111111112 0.025925925925925925
0 0.4479166666666667 0.14351851851851852 0.015277777777777777 0.027777777777777776
0 0.9770833333333333 0.14444444444444443 0.03194444444444444 0.044444444444444446
