0 0.97 0.36833333333333335 0.06 0.10333333333333333
0 0.915 0.35333333333333333 0.05 0.08
0 0.94875 0.31333333333333335 0.0425 0.06666666666666667
0 0.77875 0.33 0.0625 0.1
0 0.80875 0.315 0.0425 0.07
0 0.68875 0.30333333333333334 0.0375 0.06
0 0.6575 0.32666666666666666 0.05 0.08
0 0.5875 0.3016666666666667 0.03 0.05
0 0.57375 0.33 0.0325 0.06
0 0.45875 0.3383333333333333 0.0525 0.07666666666666666
0 0.37 0.30833333333333335 0.04 0.06333333333333334
0 0.2825 0.35833333333333334 0.075 0.13666666666666666
0 0.15125 0.3383333333333333 0.0725 0.12333333333333334
