0 0.8625 0.410913140311804 0.08166666666666667 0.1091314031180401
0 0.6725 0.4265033407572383 0.051666666666666666 0.08240534521158129
0 0.6 0.4532293986636971 0.043333333333333335 0.051224944320712694
0 0.5591666666666667 0.44543429844098 0.03833333333333333 0.05790645879732739
0 0.5141666666666667 0.4209354120267261 0.04833333333333333 0.07126948775055679
0 0.4483333333333333 0.4198218262806236 0.04 0.060133630289532294
0 0.4125 0.4309576837416481 0.045 0.0645879732739421
0 0.32916666666666666 0.3997772828507795 0.055 0.0779510022271715
0 0.18083333333333335 0.4398663697104677 0.03166666666666667 0.0556792873051225
0 0.10916666666666666 0.38084632516703787 0.058333333333333334 0.10244988864142539
