0 0.906 0.34234234234234234 0.072 0.10810810810810811
0 0.78 0.35285285285285284 0.064 0.10510510510510511
0 0.736 0.34234234234234234 0.048 0.0960960960960961
0 0.688 0.34534534534534533 0.048 0.10810810810810811
0 0.637 0.34534534534534533 0.062 0.11411411411411411
0 0.576 0.3633633633633634 0.056 0.0960960960960961
0 0.459 0.34234234234234234 0.066 0.12612612612612611
0 0.418 0.31981981981981983 0.048 0.09309309309309309
0 0.388 0.34384384384384387 0.064 0.10510510510510511
0 0.329 0.32882882882882886 0.066 0.12912912912912913
0 0.279 0.34384384384384387 0.046 0.08708708708708708
0 0.219 0.3408408408408408 0.07 0.12312312312312312
0 0.096 0.3843843843843844 0.072 0.12012012012012012
