0 0.16691729323308271 0.7675736961451247 0.07218045112781955 0.1111111111111111
0 0.01804511278195489 0.719954648526077 0.03308270676691729 0.07936507936507936
0 0.318796992481203 0.7154195011337868 0.05714285714285714 0.09297052154195011
0 0.24360902255639097 0.719954648526077 0.05413533834586466 0.07482993197278912
0 0.21654135338345865 0.6337868480725624 0.03609022556390978 0.061224489795918366
0 0.15714285714285714 0.6678004535147393 0.055639097744360905 0.08843537414965986
0 0.1 0.6700680272108843 0.04360902255639098 0.061224489795918366
0 0.4518796992481203 0.6598639455782312 0.04661654135338346 0.07256235827664399
0 0.48345864661654137 0.7902494331065759 0.07067669172932331 0.10204081632653061
0 0.5338345864661654 0.6281179138321995 0.039097744360902256 0.05895691609977324
0 0.7255639097744361 0.7120181405895691 0.055639097744360905 0.09523809523809523
0 0.6548872180451127 0.6678004535147393 0.04962406015037594 0.07029478458049887
0 0.7 0.5975056689342404 0.031578947368421054 0.05668934240362812
0 0.8142857142857143 0.6303854875283447 0.03759398496240601 0.05895691609977324
0 0.8165413533834587 0.5929705215419501 0.03308270676691729 0.04308390022675737
0 0.850375939849624 0.572562358276644 0.022556390977443608 0.034013605442176874
0 0.8751879699248121 0.5566893424036281 0.02406015037593985 0.034013605442176874
0 0.4691729323308271 0.5839002267573696 0.021052631578947368 0.02947845804988662
0 0.41729323308270677 0.5736961451247166 0.02556390977443609 0.031746031746031744
0 0.37669172932330824 0.6201814058956916 0.03458646616541353 0.05215419501133787
0 0.3473684210526316 0.6643990929705216 0.039097744360902256 0.05895691609977324
0 0.31203007518796994 0.6111111111111112 0.02857142857142857 0.04308390022675737
0 0.2669172932330827 0.6496598639455783 0.03759398496240601 0.05668934240362812
0 0.24586466165413534 0.5839002267573696 0.02556390977443609 0.03854875283446712
0 0.2789473684210526 0.5884353741496599 0.02857142857142857 0.03854875283446712
0 0.07894736842105263 0.6190476190476191 0.03458646616541353 0.045351473922902494
0 0.07518796992481203 0.5328798185941043 0.02406015037593985 0.036281179138321996
0 0.18947368421052632 0.5589569160997733 0.01804511278195489 0.02947845804988662
0 0.21052631578947367 0.5600907029478458 0.021052631578947368 0.036281179138321996
0 0.33909774436090223 0.5147392290249433 0.019548872180451128 0.031746031746031744
0 0.3105263157894737 0.5204081632653061 0.019548872180451128 0.02947845804988662
0 0.5887218045112782 0.6111111111111112 0.031578947368421054 0.04308390022675737
0 0.6255639097744361 0.5839002267573696 0.02406015037593985 0.034013605442176874
0 0.7353383458646616 0.5929705215419501 0.03007518796992481 0.04308390022675737
0 0.7631578947368421 0.5691609977324263 0.02556390977443609 0.036281179138321996
0 0.781203007518797 0.564625850340136 0.022556390977443608 0.036281179138321996
0 0.5225563909774437 0.590702947845805 0.02556390977443609 0.034013605442176874
0 0.12857142857142856 0.5634920634920635 0.016541353383458645 0.024943310657596373
0 0.4345864661654135 0.572562358276644 0.01804511278195489 0.024943310657596373
0 0.3954887218045113 0.5589569160997733 0.021052631578947368 0.02947845804988662
0 0.38571428571428573 0.5714285714285714 0.019548872180451128 0.027210884353741496
0 0.37142857142857144 0.5385487528344671 0.015037593984962405 0.02040816326530612
0 0.35413533834586464 0.5736961451247166 0.022556390977443608 0.031746031746031744
0 0.2992481203007519 0.5498866213151927 0.015037593984962405 0.024943310657596373
0 0.23684210526315788 0.5566893424036281 0.016541353383458645 0.024943310657596373
0 0.5759398496240602 0.5691609977324263 0.021052631578947368 0.031746031746031744
0 0.5924812030075188 0.5839002267573696 0.02706766917293233 0.034013605442176874
0 0.5368421052631579 0.5793650793650794 0.02706766917293233 0.03854875283446712
0 0.5142857142857142 0.5714285714285714 0.021052631578947368 0.031746031746031744
0 0.4616541353383459 0.5532879818594104 0.015037593984962405 0.027210884353741496
0 0.2661654135338346 0.5589569160997733 0.015037593984962405 0.02040816326530612
0 0.47368421052631576 0.6496598639455783 0.02706766917293233 0.05215419501133787
0 0.43759398496240604 0.5340136054421769 0.012030075187969926 0.015873015873015872
0 0.418796992481203 0.5351473922902494 0.016541353383458645 0.022675736961451247
0 0.5571428571428572 0.5634920634920635 0.019548872180451128 0.02947845804988662
0 0.22105263157894736 0.6043083900226758 0.03007518796992481 0.03854875283446712
0 0.9609022556390977 0.8514739229024944 0.07819548872180451 0.1473922902494331
0 0.9428571428571428 0.7244897959183674 0.06917293233082707 0.10657596371882086
0 0.9406015037593985 0.6587301587301587 0.058646616541353384 0.05668934240362812
0 0.937593984962406 0.6281179138321995 0.04962406015037594 0.049886621315192746
0 0.9315789473684211 0.5873015873015873 0.04360902255639098 0.045351473922902494
0 0.9082706766917293 0.5759637188208617 0.02706766917293233 0.036281179138321996
0 0.9218045112781955 0.5498866213151927 0.01804511278195489 0.02947845804988662
0 0.8082706766917294 0.5578231292517006 0.019548872180451128 0.027210884353741496
0 0.6954887218045113 0.5532879818594104 0.016541353383458645 0.022675736961451247
0 0.6518796992481203 0.5691609977324263 0.019548872180451128 0.031746031746031744
0 0.6699248120300751 0.5510204081632653 0.016541353383458645 0.022675736961451247
0 0.6225563909774436 0.5544217687074829 0.01804511278195489 0.024943310657596373
0 0.9518796992481203 0.49206349206349204 0.015037593984962405 0.027210884353741496
0 0.9406015037593985 0.5317460317460317 0.016541353383458645 0.024943310657596373
0 0.8804511278195488 0.528344671201814 0.013533834586466165 0.018140589569160998
0 0.7669172932330827 0.5408163265306123 0.015037593984962405 0.02040816326530612
0 0.7819548872180451 0.5396825396825397 0.012030075187969926 0.018140589569160998
0 0.1586466165413534 0.6122448979591837 0.03759398496240601 0.04081632653061224
0 0.18045112781954886 0.6349206349206349 0.03007518796992481 0.04081632653061224
0 0.03759398496240601 0.5782312925170068 0.01804511278195489 0.027210884353741496
0 0.01804511278195489 0.5816326530612245 0.02406015037593985 0.034013605442176874
0 0.07819548872180451 0.7210884353741497 0.06917293233082707 0.09523809523809523
0 0.5894736842105263 0.7120181405895691 0.05413533834586466 0.07709750566893424
0 0.6691729323308271 0.5816326530612245 0.02406015037593985 0.03854875283446712
0 0.1593984962406015 0.5578231292517006 0.015037593984962405 0.022675736961451247
0 0.14661654135338345 0.5578231292517006 0.016541353383458645 0.022675736961451247
0 0.042105263157894736 0.5498866213151927 0.012030075187969926 0.02040816326530612
0 0.10827067669172932 0.5612244897959183 0.01804511278195489 0.024943310657596373
0 0.3902255639097744 0.5260770975056689 0.010526315789473684 0.018140589569160998
0 0.17819548872180452 0.5306122448979592 0.013533834586466165 0.018140589569160998
0 0.1518796992481203 0.536281179138322 0.012030075187969926 0.02040816326530612
