0 0.31727272727272726 0.336986301369863 0.23454545454545456 0.3780821917808219
0 0.053636363636363635 0.3424657534246575 0.10363636363636364 0.2191780821917808
0 0.14545454545454545 0.32602739726027397 0.06909090909090909 0.136986301369863
0 0.19363636363636363 0.3493150684931507 0.04181818181818182 0.09041095890410959
0 0.4263636363636364 0.33013698630136984 0.08181818181818182 0.1726027397260274
0 0.62 0.27945205479452057 0.04727272727272727 0.0821917808219178
0 0.6536363636363637 0.28493150684931506 0.034545454545454546 0.07671232876712329
0 0.7272727272727273 0.24246575342465754 0.13818181818181818 0.2054794520547945
0 0.7945454545454546 0.2602739726027397 0.07636363636363637 0.1589041095890411
0 0.8745454545454545 0.26438356164383564 0.03636363636363636 0.057534246575342465
0 0.9054545454545454 0.27123287671232876 0.025454545454545455 0.0547945205479452
0 0.94 0.26301369863013696 0.06909090909090909 0.1095890410958904
0 0.9863636363636363 0.25753424657534246 0.02727272727272727 0.12602739726027398
0 0.4354545454545454 0.32465753424657534 0.06727272727272728 0.1726027397260274
0 0.9818181818181818 0.2452054794520548 0.03636363636363636 0.07945205479452055
