0 0.094 0.34234234234234234 0.072 0.10810810810810811
0 0.22 0.35285285285285284 0.064 0.10510510510510511
0 0.264 0.34234234234234234 0.048 0.0960960960960961
0 0.312 0.34534534534534533 0.048 0.10810810810810811
0 0.363 0.34534534534534533 0.062 0.11411411411411411
0 0.424 0.3633633633633634 0.056 0.0960960960960961
0 0.541 0.34234234234234234 0.066 0.12612612612612611
0 0.582 0.31981981981981983 0.048 0.09309309309309309
0 0.612 0.34384384384384387 0.064 0.10510510510510511
0 0.671 0.32882882882882886 0.066 0.12912912912912913
0 0.721 0.34384384384384387 0.046 0.08708708708708708
0 0.781 0.3408408408408408 0.07 0.12312312312312312
0 0.904 0.3843843843843844 0.072 0.12012012012012012
