0 0.4991652754590985 0.5567928730512249 0.06010016694490818 0.0757238307349666
0 0.5425709515859767 0.5534521158129176 0.04006677796327212 0.0645879732739421
0 0.6018363939899833 0.5456570155902004 0.05509181969949917 0.07126948775055679
0 0.657762938230384 0.5378619153674833 0.04674457429048414 0.0556792873051225
0 0.7203672787979967 0.532293986636971 0.045075125208681135 0.062360801781737196
0 0.8071786310517529 0.5334075723830735 0.045075125208681135 0.051224944320712694
0 0.8722871452420701 0.5233853006681515 0.045075125208681135 0.05790645879732739
0 0.7479131886477463 0.655902004454343 0.09682804674457429 0.13140311804008908
0 0.8964941569282137 0.5590200445434298 0.06010016694490818 0.08908685968819599
0 0.9782971619365609 0.5111358574610245 0.04006677796327212 0.0645879732739421
0 0.9398998330550918 0.5066815144766147 0.03005008347245409 0.042316258351893093
0 0.9098497495826378 0.5256124721603563 0.04006677796327212 0.0400890868596882
0 0.7963272120200334 0.566815144766147 0.06010016694490818 0.060133630289532294
0 0.27295492487479134 0.512249443207127 0.021702838063439065 0.031180400890868598
0 0.5459098497495827 0.5144766146993318 0.02671118530884808 0.031180400890868598
0 0.7804674457429048 0.5155902004454342 0.028380634390651086 0.0334075723830735
0 0.8430717863105175 0.5178173719376392 0.03005008347245409 0.0467706013363029
0 0.6828046744574291 0.5244988864142539 0.03005008347245409 0.051224944320712694
