0 0.965 0.13670411985018727 0.05 0.07116104868913857
0 0.1025 0.2752808988764045 0.18 0.30337078651685395
0 0.35 0.5243445692883895 0.125 0.1947565543071161
0 0.42375 0.4157303370786517 0.0375 0.0599250936329588
0 0.49625 0.4250936329588015 0.0525 0.07865168539325842
0 0.585 0.41198501872659177 0.035 0.06741573033707865
0 0.6725 0.41760299625468167 0.045 0.056179775280898875
0 0.745 0.1853932584269663 0.045 0.07116104868913857
0 0.84625 0.09363295880149813 0.0425 0.06741573033707865
0 0.6825 0.2602996254681648 0.035 0.06367041198501873
