0 0.9544444444444444 0.11976549413735343 0.09111111111111111 0.20938023450586266
0 0.8605555555555555 0.09547738693467336 0.16333333333333333 0.19095477386934673
0 0.8177777777777778 0.24371859296482412 0.08222222222222222 0.135678391959799
0 0.6544444444444445 0.3408710217755444 0.14888888888888888 0.2797319932998325
0 0.5511111111111111 0.2319932998324958 0.09333333333333334 0.1624790619765494
0 0.4588888888888889 0.31155778894472363 0.07333333333333333 0.1273031825795645
0 0.3972222222222222 0.40954773869346733 0.10555555555555556 0.20268006700167504
0 0.2772222222222222 0.4798994974874372 0.07888888888888888 0.10552763819095477
0 0.3244444444444444 0.457286432160804 0.02 0.03685092127303183
0 0.48277777777777775 0.2964824120603015 0.05 0.10385259631490787
0 0.6072222222222222 0.23869346733668342 0.07 0.12227805695142378
