0 0.3111111111111111 0.7476190476190476 0.13333333333333333 0.2
0 0.6595238095238095 0.544047619047619 0.09365079365079365 0.16428571428571428
0 0.7380952380952381 0.6714285714285714 0.13015873015873017 0.2
0 0.8055555555555556 0.31666666666666665 0.05873015873015873 0.1
0 0.7793650793650794 0.23095238095238096 0.06031746031746032 0.09523809523809523
0 0.6563492063492063 0.26666666666666666 0.046031746031746035 0.08571428571428572
0 0.6436507936507937 0.1880952380952381 0.046031746031746035 0.0761904761904762
0 0.34444444444444444 0.034523809523809526 0.01904761904761905 0.030952380952380953
0 0.5190476190476191 0.03214285714285714 0.01904761904761905 0.03571428571428571
0 0.5825396825396826 0.02976190476190476 0.01904761904761905 0.03571428571428571
0 0.32063492063492066 0.034523809523809526 0.01904761904761905 0.03571428571428571
0 0.10873015873015873 0.04642857142857143 0.020634920634920634 0.03571428571428571
0 0.1619047619047619 0.0630952380952381 0.01904761904761905 0.030952380952380953
0 0.6214285714285714 0.2714285714285714 0.04285714285714286 0.09047619047619047
