0 0.03 0.35833333333333334 0.06 0.11666666666666667
0 0.08375 0.355 0.0525 0.09
0 0.0525 0.32166666666666666 0.045 0.07
0 0.71625 0.35833333333333334 0.0775 0.13
0 0.8525 0.3433333333333333 0.075 0.12
0 0.635 0.30666666666666664 0.05 0.07333333333333333
0 0.54375 0.3383333333333333 0.0525 0.09
0 0.425 0.3283333333333333 0.04 0.06333333333333334
0 0.4125 0.305 0.03 0.056666666666666664
0 0.34125 0.32666666666666666 0.0425 0.08
0 0.22 0.33166666666666667 0.055 0.09666666666666666
0 0.31375 0.30666666666666664 0.0425 0.06
0 0.1875 0.3283333333333333 0.035 0.07666666666666666
