0 0.8516666666666667 0.3883495145631068 0.15 0.24271844660194175
0 0.725 0.38106796116504854 0.10333333333333333 0.1796116504854369
0 0.5883333333333334 0.38349514563106796 0.09666666666666666 0.1650485436893204
0 0.46166666666666667 0.38349514563106796 0.09 0.14563106796116504
0 0.27666666666666667 0.4053398058252427 0.07333333333333333 0.13106796116504854
0 0.23333333333333334 0.4393203883495146 0.08666666666666667 0.15048543689320387
0 0.04833333333333333 0.35436893203883496 0.09 0.18446601941747573
0 0.2816666666666667 0.23058252427184467 0.03 0.043689320388349516
0 0.08666666666666667 0.04854368932038835 0.02666666666666667 0.038834951456310676
0 0.15 0.12864077669902912 0.02666666666666667 0.043689320388349516
0 0.21833333333333332 0.22815533980582525 0.03 0.038834951456310676
0 0.43833333333333335 0.22815533980582525 0.03 0.04854368932038835
0 0.49333333333333335 0.21359223300970873 0.03333333333333333 0.04854368932038835
0 0.5666666666666667 0.23300970873786409 0.02666666666666667 0.04854368932038835
0 0.6883333333333334 0.2087378640776699 0.03 0.04854368932038835
0 0.87 0.21844660194174756 0.04 0.05825242718446602
0 0.9016666666666666 0.16019417475728157 0.03666666666666667 0.06796116504854369
