0 0.97 0.35833333333333334 0.06 0.11666666666666667
0 0.91625 0.355 0.0525 0.09
0 0.9475 0.32166666666666666 0.045 0.07
0 0.28375 0.35833333333333334 0.0775 0.13
0 0.1475 0.3433333333333333 0.075 0.12
0 0.365 0.30666666666666664 0.05 0.07333333333333333
0 0.45625 0.3383333333333333 0.0525 0.09
0 0.575 0.3283333333333333 0.04 0.06333333333333334
0 0.5875 0.305 0.03 0.056666666666666664
0 0.65875 0.32666666666666666 0.0425 0.08
0 0.78 0.33166666666666667 0.055 0.09666666666666666
0 0.68625 0.30666666666666664 0.0425 0.06
0 0.8125 0.3283333333333333 0.035 0.07666666666666666
