0 0.07333333333333333 0.635 0.1288888888888889 0.23666666666666666
0 0.18555555555555556 0.7016666666666667 0.15333333333333332 0.30333333333333334
0 0.3488888888888889 0.46 0.10222222222222223 0.2
0 0.3211111111111111 0.2783333333333333 0.05555555555555555 0.11666666666666667
0 0.2922222222222222 0.2833333333333333 0.03333333333333333 0.08
0 0.3877777777777778 0.2966666666666667 0.051111111111111114 0.08666666666666667
0 0.42444444444444446 0.36666666666666664 0.07111111111111111 0.12666666666666668
0 0.49444444444444446 0.30333333333333334 0.051111111111111114 0.1
0 0.47333333333333333 0.26 0.035555555555555556 0.07333333333333333
0 0.44666666666666666 0.25333333333333335 0.03111111111111111 0.07333333333333333
0 0.6122222222222222 0.32166666666666666 0.06 0.12333333333333334
0 0.6988888888888889 0.31833333333333336 0.04666666666666667 0.11
0 0.77 0.27 0.04666666666666667 0.09333333333333334
0 0.8055555555555556 0.205 0.028888888888888888 0.06333333333333334
0 0.7022222222222222 0.23166666666666666 0.035555555555555556 0.07
0 0.5344444444444445 0.21 0.03777777777777778 0.08
0 0.5866666666666667 0.23833333333333334 0.044444444444444446 0.07666666666666666
0 0.5788888888888889 0.18166666666666667 0.03333333333333333 0.07
0 0.6522222222222223 0.18333333333333332 0.028888888888888888 0.06
0 0.6088888888888889 0.19 0.022222222222222223 0.04666666666666667
0 0.6933333333333334 0.17 0.022222222222222223 0.04666666666666667
0 0.7555555555555555 0.15 0.022222222222222223 0.04666666666666667
0 0.7155555555555555 0.19333333333333333 0.02666666666666667 0.04666666666666667
0 0.8544444444444445 0.15333333333333332 0.028888888888888888 0.06
0 0.6255555555555555 0.17333333333333334 0.024444444444444446 0.04666666666666667
0 0.8144444444444444 0.13833333333333334 0.02 0.03666666666666667
