0 0.13333333333333333 0.28255813953488373 0.06666666666666667 0.10930232558139535
0 0.16083333333333333 0.32209302325581396 0.041666666666666664 0.08139534883720931
0 0.3675 0.30348837209302326 0.028333333333333332 0.06744186046511629
0 0.3933333333333333 0.30465116279069765 0.04 0.06976744186046512
0 0.41833333333333333 0.336046511627907 0.05 0.09069767441860466
0 0.4725 0.34186046511627904 0.051666666666666666 0.09767441860465116
0 0.5233333333333333 0.3558139534883721 0.06 0.10697674418604651
0 0.54 0.3 0.04 0.06511627906976744
0 0.5825 0.2895348837209302 0.041666666666666664 0.06744186046511629
0 0.6041666666666666 0.3395348837209302 0.06833333333333333 0.11162790697674418
0 0.6633333333333333 0.31511627906976747 0.05 0.09069767441860466
0 0.7375 0.3116279069767442 0.06166666666666667 0.10232558139534884
0 0.83 0.3383720930232558 0.06666666666666667 0.1186046511627907
