0 0.7886666666666666 0.7275985663082437 0.04666666666666667 0.06810035842293907
0 0.732 0.7491039426523297 0.04533333333333334 0.07168458781362007
0 0.4126666666666667 0.7634408602150538 0.02 0.02867383512544803
0 0.38866666666666666 0.7661290322580645 0.02266666666666667 0.026881720430107527
0 0.24666666666666667 0.6272401433691757 0.016 0.021505376344086023
0 0.222 0.6362007168458781 0.014666666666666666 0.021505376344086023
0 0.184 0.6935483870967742 0.018666666666666668 0.025089605734767026
0 0.14 0.7231182795698925 0.016 0.023297491039426525
0 0.118 0.7204301075268817 0.014666666666666666 0.025089605734767026
0 0.5973333333333334 0.3548387096774194 0.021333333333333333 0.025089605734767026
0 0.5713333333333334 0.3234767025089606 0.02 0.034050179211469536
0 0.5313333333333333 0.278673835125448 0.014666666666666666 0.023297491039426525
0 0.45466666666666666 0.25089605734767023 0.016 0.025089605734767026
0 0.412 0.24731182795698925 0.016 0.025089605734767026
0 0.38466666666666666 0.239247311827957 0.02 0.026881720430107527
0 0.11666666666666667 0.2553763440860215 0.11066666666666666 0.14874551971326164
