0 0.1125 0.3308270676691729 0.058333333333333334 0.11528822055137844
0 0.22583333333333333 0.3433583959899749 0.051666666666666666 0.11027568922305764
0 0.31333333333333335 0.35213032581453635 0.05333333333333334 0.09774436090225563
0 0.4058333333333333 0.35964912280701755 0.051666666666666666 0.08771929824561403
0 0.4791666666666667 0.34210526315789475 0.045 0.08771929824561403
0 0.5641666666666667 0.3609022556390977 0.045 0.09022556390977443
0 0.6433333333333333 0.38095238095238093 0.04666666666666667 0.09022556390977443
0 0.7041666666666667 0.38471177944862156 0.04833333333333333 0.08771929824561403
0 0.7975 0.37844611528822053 0.045 0.08020050125313283
0 0.8833333333333333 0.37844611528822053 0.043333333333333335 0.08521303258145363
