0 0.9266666666666666 0.635 0.1288888888888889 0.23666666666666666
0 0.8144444444444444 0.7016666666666667 0.15333333333333332 0.30333333333333334
0 0.6511111111111111 0.46 0.10222222222222223 0.2
0 0.6788888888888889 0.2783333333333333 0.05555555555555555 0.11666666666666667
0 0.7077777777777777 0.2833333333333333 0.03333333333333333 0.08
0 0.6122222222222222 0.2966666666666667 0.051111111111111114 0.08666666666666667
0 0.5755555555555556 0.36666666666666664 0.07111111111111111 0.12666666666666668
0 0.5055555555555555 0.30333333333333334 0.051111111111111114 0.1
0 0.5266666666666666 0.26 0.035555555555555556 0.07333333333333333
0 0.5533333333333333 0.25333333333333335 0.03111111111111111 0.07333333333333333
0 0.3877777777777778 0.32166666666666666 0.06 0.12333333333333334
0 0.3011111111111111 0.31833333333333336 0.04666666666666667 0.11
0 0.23 0.27 0.04666666666666667 0.09333333333333334
0 0.19444444444444445 0.205 0.028888888888888888 0.06333333333333334
0 0.29777777777777775 0.23166666666666666 0.035555555555555556 0.07
0 0.46555555555555556 0.21 0.03777777777777778 0.08
0 0.41333333333333333 0.23833333333333334 0.044444444444444446 0.07666666666666666
0 0.4211111111111111 0.18166666666666667 0.03333333333333333 0.07
0 0.3477777777777778 0.18333333333333332 0.028888888888888888 0.06
0 0.39111111111111113 0.19 0.022222222222222223 0.04666666666666667
0 0.30666666666666664 0.17 0.022222222222222223 0.04666666666666667
0 0.24444444444444444 0.15 0.022222222222222223 0.04666666666666667
0 0.28444444444444444 0.19333333333333333 0.02666666666666667 0.04666666666666667
0 0.14555555555555555 0.15333333333333332 0.028888888888888888 0.06
0 0.37444444444444447 0.17333333333333334 0.024444444444444446 0.04666666666666667
0 0.18555555555555556 0.13833333333333334 0.02 0.03666666666666667
