0 0.11266666666666666 0.463 0.06266666666666666 0.094
0 0.21533333333333332 0.519 0.052 0.082
0 0.30733333333333335 0.447 0.06533333333333333 0.09
0 0.26466666666666666 0.43 0.044 0.076
0 0.37533333333333335 0.512 0.05733333333333333 0.088
0 0.406 0.491 0.04933333333333333 0.082
0 0.4493333333333333 0.493 0.05333333333333334 0.086
0 0.406 0.364 0.04133333333333333 0.084
0 0.49466666666666664 0.473 0.042666666666666665 0.074
0 0.612 0.462 0.042666666666666665 0.08
0 0.5826666666666667 0.478 0.029333333333333333 0.048
0 0.6946666666666667 0.26 0.06933333333333333 0.12
0 0.9333333333333333 0.375 0.06666666666666667 0.082
