0 0.3625 0.84375 0.078125 0.1125
0 0.62890625 0.8395833333333333 0.0703125 0.12916666666666668
0 0.9140625 0.8270833333333333 0.078125 0.1125
0 0.9671875 0.6864583333333333 0.04375 0.06041666666666667
0 0.85390625 0.7541666666666667 0.0640625 0.0875
0 0.78828125 0.7270833333333333 0.0578125 0.075
0 0.73125 0.725 0.046875 0.0625
0 0.5921875 0.73125 0.05 0.07083333333333333
0 0.421875 0.76875 0.059375 0.0875
0 0.2 0.7770833333333333 0.065625 0.07916666666666666
0 0.1078125 0.8520833333333333 0.08125 0.10833333333333334
0 0.11484375 0.6739583333333333 0.0359375 0.05625
0 0.0609375 0.6895833333333333 0.0375 0.058333333333333334
0 0.2671875 0.65625 0.03125 0.05416666666666667
0 0.31015625 0.7239583333333334 0.0390625 0.06458333333333334
0 0.33984375 0.7125 0.0390625 0.0625
0 0.91640625 0.6822916666666666 0.0359375 0.052083333333333336
0 0.83046875 0.6479166666666667 0.0265625 0.041666666666666664
0 0.80703125 0.6395833333333333 0.0234375 0.03333333333333333
0 0.87265625 0.64375 0.0234375 0.0375
0 0.56328125 0.6635416666666667 0.0296875 0.04375
0 0.26640625 0.765625 0.0546875 0.07708333333333334
0 0.40546875 0.653125 0.0234375 0.03125
0 0.61015625 0.6520833333333333 0.0234375 0.03333333333333333
0 0.47109375 0.6322916666666667 0.0203125 0.027083333333333334
0 0.54296875 0.6583333333333333 0.0203125 0.0375
0 0.5359375 0.6291666666666667 0.025 0.029166666666666667
0 0.33046875 0.6239583333333333 0.0171875 0.027083333333333334
0 0.315625 0.6145833333333334 0.015625 0.025
0 0.365625 0.6916666666666667 0.034375 0.04583333333333333
0 0.6765625 0.6760416666666667 0.03125 0.04375
0 0.70078125 0.709375 0.0328125 0.04791666666666667
