0 0.553623188405797 0.390715667311412 0.06376811594202898 0.11605415860735009
0 0.863768115942029 0.38878143133462284 0.043478260869565216 0.06576402321083172
0 0.9550724637681159 0.4158607350096712 0.04057971014492753 0.058027079303675046
0 0.7297101449275363 0.41876208897485495 0.02753623188405797 0.05222437137330754
0 0.7057971014492753 0.42359767891682787 0.02318840579710145 0.0425531914893617
0 0.6536231884057971 0.41392649903288203 0.028985507246376812 0.05029013539651837
0 0.6195652173913043 0.43423597678916825 0.030434782608695653 0.048355899419729204
0 0.28840579710144926 0.42166344294003866 0.02318840579710145 0.05029013539651837
0 0.14057971014492754 0.41005802707930367 0.02318840579710145 0.03868471953578337
0 0.07753623188405798 0.41392649903288203 0.02753623188405797 0.04642166344294004
0 0.03985507246376811 0.42263056092843326 0.02753623188405797 0.04448742746615087
0 0.014492753623188406 0.42940038684719534 0.02608695652173913 0.0425531914893617
0 0.35797101449275365 0.42359767891682787 0.02318840579710145 0.03481624758220503
0 0.43333333333333335 0.4197292069632495 0.028985507246376812 0.03868471953578337
0 0.3789855072463768 0.425531914893617 0.021739130434782608 0.03481624758220503
0 0.48695652173913045 0.40618955512572535 0.03188405797101449 0.03868471953578337
0 0.5108695652173914 0.4148936170212766 0.036231884057971016 0.04448742746615087
