0 0.4890625 0.09518348623853211 0.04375 0.08486238532110092
0 0.4453125 0.11009174311926606 0.0375 0.06422018348623854
0 0.46953125 0.3830275229357798 0.0609375 0.11009174311926606
0 0.40625 0.6215596330275229 0.1 0.15137614678899083
0 0.528125 0.44380733944954126 0.06875 0.11238532110091744
0 0.634375 0.4197247706422018 0.071875 0.11009174311926606
0 0.6609375 0.10894495412844037 0.046875 0.08027522935779817
0 0.21953125 0.18463302752293578 0.0515625 0.09403669724770643
0 0.24609375 0.40825688073394495 0.1078125 0.16055045871559634
0 0.60703125 0.15940366972477063 0.0390625 0.06651376146788991
