0 0.8873333333333333 0.463 0.06266666666666666 0.094
0 0.7846666666666666 0.519 0.052 0.082
0 0.6926666666666667 0.447 0.06533333333333333 0.09
0 0.7353333333333333 0.43 0.044 0.076
0 0.6246666666666667 0.512 0.05733333333333333 0.088
0 0.594 0.491 0.04933333333333333 0.082
0 0.5506666666666666 0.493 0.05333333333333334 0.086
0 0.594 0.364 0.04133333333333333 0.084
0 0.5053333333333333 0.473 0.042666666666666665 0.074
0 0.388 0.462 0.042666666666666665 0.08
0 0.41733333333333333 0.478 0.029333333333333333 0.048
0 0.30533333333333335 0.26 0.06933333333333333 0.12
0 0.06666666666666667 0.375 0.06666666666666667 0.082
