0 0.47875 0.20333333333333334 0.065 0.14222222222222222
0 0.5821875 0.22777777777777777 0.056875 0.12222222222222222
0 0.720625 0.24555555555555555 0.05625 0.11333333333333333
0 0.809375 0.22444444444444445 0.04625 0.10888888888888888
0 0.8671875 0.24888888888888888 0.041875 0.10222222222222223
0 0.956875 0.23222222222222222 0.04375 0.09555555555555556
0 0.3625 0.1938888888888889 0.05875 0.13444444444444445
0 0.2740625 0.18666666666666668 0.060625 0.12444444444444444
0 0.2196875 0.225 0.076875 0.14777777777777779
0 0.0540625 0.18055555555555555 0.069375 0.15222222222222223
