0 0.258 0.2681818181818182 0.044 0.11818181818181818
0 0.324 0.26136363636363635 0.04 0.11363636363636363
0 0.38 0.5159090909090909 0.04 0.11363636363636363
0 0.468 0.48863636363636365 0.04 0.11363636363636363
0 0.539 0.47954545454545455 0.042 0.11363636363636363
0 0.393 0.2636363636363636 0.038 0.10909090909090909
0 0.454 0.26136363636363635 0.036 0.11363636363636363
0 0.542 0.2431818181818182 0.04 0.11363636363636363
0 0.611 0.26590909090909093 0.038 0.12272727272727273
0 0.667 0.22045454545454546 0.034 0.09545454545454546
0 0.755 0.18863636363636363 0.038 0.10454545454545454
