0 0.8942028985507247 0.6943907156673114 0.04057971014492753 0.061895551257253385
0 0.822463768115942 0.6943907156673114 0.0391304347826087 0.061895551257253385
0 0.7673913043478261 0.6992263056092843 0.036231884057971016 0.059961315280464215
0 0.7086956521739131 0.7079303675048356 0.03768115942028986 0.061895551257253385
0 0.6514492753623189 0.6982591876208898 0.036231884057971016 0.061895551257253385
0 0.5876811594202899 0.7021276595744681 0.036231884057971016 0.058027079303675046
0 0.532608695652174 0.6934235976789168 0.0391304347826087 0.059961315280464215
0 0.47101449275362317 0.690522243713733 0.03768115942028986 0.058027079303675046
0 0.42028985507246375 0.6866537717601547 0.03768115942028986 0.058027079303675046
0 0.3644927536231884 0.6876208897485493 0.036231884057971016 0.06382978723404255
0 0.2891304347826087 0.688588007736944 0.0391304347826087 0.061895551257253385
0 0.22536231884057972 0.690522243713733 0.036231884057971016 0.061895551257253385
0 0.15869565217391304 0.6943907156673114 0.0391304347826087 0.061895551257253385
0 0.1144927536231884 0.5715667311411993 0.03188405797101449 0.05222437137330754
0 0.1644927536231884 0.5831721470019342 0.030434782608695653 0.048355899419729204
0 0.1963768115942029 0.5831721470019342 0.02753623188405797 0.04448742746615087
0 0.2246376811594203 0.5725338491295938 0.028985507246376812 0.05415860735009671
0 0.25507246376811593 0.5754352030947776 0.02608695652173913 0.048355899419729204
0 0.27608695652173915 0.5696324951644101 0.03333333333333333 0.05609284332688588
0 0.3079710144927536 0.5851063829787234 0.030434782608695653 0.048355899419729204
0 0.3427536231884058 0.5773694390715667 0.030434782608695653 0.048355899419729204
0 0.36884057971014494 0.574468085106383 0.02753623188405797 0.04642166344294004
0 0.39420289855072466 0.574468085106383 0.028985507246376812 0.05415860735009671
0 0.42536231884057973 0.5783365570599613 0.02753623188405797 0.05029013539651837
0 0.45217391304347826 0.5764023210831721 0.028985507246376812 0.05415860735009671
0 0.486231884057971 0.5715667311411993 0.030434782608695653 0.05609284332688588
0 0.5144927536231884 0.562862669245648 0.03188405797101449 0.05415860735009671
0 0.5427536231884058 0.5657640232108317 0.02753623188405797 0.05222437137330754
0 0.5695652173913044 0.5725338491295938 0.028985507246376812 0.05415860735009671
0 0.5942028985507246 0.5686653771760155 0.02608695652173913 0.05415860735009671
0 0.6210144927536232 0.5754352030947776 0.030434782608695653 0.048355899419729204
0 0.6818840579710145 0.5899419729206963 0.03333333333333333 0.05415860735009671
0 0.9260869565217391 0.5773694390715667 0.02318840579710145 0.048355899419729204
0 0.9079710144927536 0.5705996131528046 0.03333333333333333 0.058027079303675046
0 0.8521739130434782 0.5812379110251451 0.03188405797101449 0.05222437137330754
0 0.8231884057971014 0.5764023210831721 0.028985507246376812 0.05415860735009671
0 0.7833333333333333 0.5899419729206963 0.03333333333333333 0.05415860735009671
0 0.7623188405797101 0.5696324951644101 0.028985507246376812 0.048355899419729204
0 0.7347826086956522 0.5899419729206963 0.03188405797101449 0.058027079303675046
0 0.7181159420289855 0.5657640232108317 0.030434782608695653 0.048355899419729204
0 0.6826086956521739 0.5531914893617021 0.028985507246376812 0.04642166344294004
0 0.6427536231884058 0.5560928433268859 0.02463768115942029 0.04448742746615087
