0 0.4288235294117647 0.43166666666666664 0.08588235294117647 0.13
0 0.2488235294117647 0.35 0.11411764705882353 0.15
0 0.36823529411764705 0.4791666666666667 0.02588235294117647 0.035
0 0.5435294117647059 0.44333333333333336 0.011764705882352941 0.02
0 0.5723529411764706 0.44916666666666666 0.012941176470588235 0.018333333333333333
0 0.591764705882353 0.41333333333333333 0.009411764705882352 0.016666666666666666
0 0.6135294117647059 0.4125 0.010588235294117647 0.015
0 0.8352941176470589 0.36666666666666664 0.021176470588235293 0.03333333333333333
0 0.7917647058823529 0.4191666666666667 0.009411764705882352 0.015
0 0.6647058823529411 0.43 0.007058823529411765 0.013333333333333334
