0 0.5711764705882353 0.43166666666666664 0.08588235294117647 0.13
0 0.7511764705882353 0.35 0.11411764705882353 0.15
0 0.6317647058823529 0.4791666666666667 0.02588235294117647 0.035
0 0.45647058823529413 0.44333333333333336 0.011764705882352941 0.02
0 0.42764705882352944 0.44916666666666666 0.012941176470588235 0.018333333333333333
0 0.4082352941176471 0.41333333333333333 0.009411764705882352 0.016666666666666666
0 0.3864705882352941 0.4125 0.010588235294117647 0.015
0 0.16470588235294117 0.36666666666666664 0.021176470588235293 0.03333333333333333
0 0.20823529411764705 0.4191666666666667 0.009411764705882352 0.015
0 0.3352941176470588 0.43 0.007058823529411765 0.013333333333333334
