0 0.9133663366336634 0.5290237467018469 0.08415841584158416 0.10554089709762533
0 0.7920792079207921 0.5527704485488126 0.04554455445544554 0.07651715039577836
0 0.7123762376237623 0.525065963060686 0.04257425742574258 0.0712401055408971
0 0.602970297029703 0.6411609498680739 0.1782178217821782 0.2638522427440633
0 0.5212871287128713 0.5329815303430079 0.040594059405940595 0.07387862796833773
0 0.46831683168316834 0.5778364116094987 0.07128712871287128 0.13720316622691292
0 0.4193069306930693 0.5428759894459103 0.03861386138613861 0.07255936675461741
0 0.3188118811881188 0.49604221635883905 0.04950495049504951 0.07651715039577836
0 0.30346534653465346 0.5923482849604221 0.09207920792079208 0.12401055408970976
0 0.33960396039603963 0.7565963060686016 0.14653465346534653 0.22031662269129287
0 0.21584158415841584 0.5164907651715039 0.06534653465346535 0.08311345646437995
0 0.04900990099009901 0.6279683377308707 0.09603960396039604 0.17150395778364116
