0 0.14165103189493433 0.550625 0.08818011257035648 0.06625
0 0.2448405253283302 0.533125 0.07317073170731707 0.04375
0 0.24202626641651032 0.483125 0.04878048780487805 0.03125
0 0.3067542213883677 0.455625 0.03189493433395872 0.02875
0 0.34615384615384615 0.42375 0.03189493433395872 0.0225
0 0.40337711069418386 0.424375 0.02626641651031895 0.01375
0 0.43058161350844276 0.46375 0.03189493433395872 0.0225
0 0.549718574108818 0.42375 0.03377110694183865 0.0225
0 0.5365853658536586 0.386875 0.0300187617260788 0.02125
0 0.6435272045028143 0.439375 0.04127579737335835 0.03125
0 0.9380863039399625 0.395625 0.03377110694183865 0.02625
0 0.9577861163227017 0.54375 0.07692307692307693 0.065
