0 0.63046875 0.45550351288056207 0.0484375 0.07259953161592506
0 0.58125 0.4203747072599532 0.053125 0.08665105386416862
0 0.53828125 0.4098360655737705 0.0421875 0.07962529274004684
0 0.44296875 0.4168618266978923 0.0609375 0.10772833723653395
0 0.484375 0.42271662763466045 0.03125 0.06323185011709602
0 0.37109375 0.45550351288056207 0.0453125 0.07259953161592506
0 0.315625 0.40398126463700235 0.040625 0.07259953161592506
0 0.1984375 0.405152224824356 0.0875 0.15456674473067916
0 0.11796875 0.38173302107728335 0.0828125 0.16393442622950818
0 0.06875 0.4379391100702576 0.059375 0.117096018735363
0 0.41796875 0.43208430913348944 0.0296875 0.09133489461358314
