0 0.9346026490066225 0.4670487106017192 0.07119205298013245 0.16045845272206305
0 0.7822847682119205 0.502865329512894 0.06456953642384106 0.14613180515759314
0 0.7276490066225165 0.4656160458452722 0.061258278145695365 0.1346704871060172
0 0.6399006622516556 0.4699140401146132 0.054635761589403975 0.1318051575931232
0 0.5298013245033113 0.47707736389684813 0.06622516556291391 0.1346704871060172
0 0.4246688741721854 0.504297994269341 0.05132450331125828 0.12034383954154727
0 0.2980132450331126 0.5229226361031518 0.04966887417218543 0.10601719197707736
0 0.20943708609271522 0.498567335243553 0.04470198675496689 0.10888252148997135
0 0.1564569536423841 0.5272206303724928 0.041390728476821195 0.10315186246418338
0 0.06870860927152318 0.5085959885386819 0.04470198675496689 0.10601719197707736
