0 0.7048346055979644 0.39134125636672323 0.08396946564885496 0.12393887945670629
0 0.566793893129771 0.4202037351443124 0.06997455470737914 0.1307300509337861
0 0.44338422391857507 0.4074702886247878 0.07506361323155217 0.12563667232597622
0 0.2824427480916031 0.4227504244482173 0.07633587786259542 0.12224108658743633
0 0.19338422391857507 0.45161290322580644 0.015267175572519083 0.02037351443123939
0 0.13549618320610687 0.4380305602716469 0.019083969465648856 0.02037351443123939
0 0.0693384223918575 0.4219015280135823 0.021628498727735368 0.03225806451612903
0 0.25 0.44227504244482174 0.008905852417302799 0.01867572156196944
0 0.029262086513994912 0.44821731748726656 0.015267175572519083 0.02037351443123939
0 0.08587786259541985 0.4456706281833616 0.011450381679389313 0.01867572156196944
