0 0.24363636363636362 0.7027272727272728 0.13454545454545455 0.1618181818181818
0 0.8572727272727273 0.7390909090909091 0.10727272727272727 0.1290909090909091
0 0.5945454545454546 0.7481818181818182 0.03272727272727273 0.034545454545454546
0 0.7254545454545455 0.71 0.03272727272727273 0.04181818181818182
0 0.6718181818181819 0.7554545454545455 0.02 0.023636363636363636
0 0.6909090909090909 0.7381818181818182 0.02181818181818182 0.02909090909090909
0 0.7572727272727273 0.7490909090909091 0.012727272727272728 0.014545454545454545
0 0.6209090909090909 0.759090909090909 0.00909090909090909 0.012727272727272728
0 0.6127272727272727 0.7554545454545455 0.01090909090909091 0.016363636363636365
0 0.6436363636363637 0.76 0.01090909090909091 0.014545454545454545
0 0.7581818181818182 0.21272727272727274 0.09818181818181818 0.10545454545454545
0 0.3054545454545455 0.26272727272727275 0.05818181818181818 0.07090909090909091
0 0.18818181818181817 0.28363636363636363 0.06 0.07272727272727272
