0 0.6522222222222223 0.32988165680473375 0.05555555555555555 0.09763313609467456
0 0.81 0.3594674556213018 0.08666666666666667 0.13313609467455623
0 0.95 0.3668639053254438 0.05555555555555555 0.09467455621301775
0 0.9911111111111112 0.42159763313609466 0.017777777777777778 0.1390532544378698
0 0.5922222222222222 0.3343195266272189 0.05555555555555555 0.08284023668639054
0 0.5188888888888888 0.3106508875739645 0.05555555555555555 0.10650887573964497
0 0.46 0.3328402366863905 0.07111111111111111 0.12130177514792899
0 0.2777777777777778 0.3121301775147929 0.13333333333333333 0.19230769230769232
0 0.19111111111111112 0.28994082840236685 0.06666666666666667 0.14201183431952663
0 0.08777777777777777 0.27071005917159763 0.06444444444444444 0.12130177514792899
