0 0.72 0.26876876876876876 0.112 0.1891891891891892
0 0.826 0.29429429429429427 0.08 0.14414414414414414
0 0.917 0.3663663663663664 0.15 0.21021021021021022
0 0.783 0.3033033033033033 0.046 0.11411411411411411
0 0.665 0.3033033033033033 0.05 0.09009009009009009
0 0.62 0.3708708708708709 0.084 0.12912912912912913
0 0.616 0.2972972972972973 0.056 0.07207207207207207
0 0.578 0.30930930930930933 0.036 0.07807807807807808
0 0.55 0.3333333333333333 0.032 0.07207207207207207
0 0.517 0.3078078078078078 0.058 0.1111111111111111
0 0.478 0.32732732732732733 0.036 0.07207207207207207
0 0.445 0.3078078078078078 0.042 0.08708708708708708
0 0.41 0.2972972972972973 0.036 0.07807807807807808
0 0.386 0.3048048048048048 0.024 0.06306306306306306
0 0.348 0.2972972972972973 0.04 0.07807807807807808
0 0.322 0.2957957957957958 0.024 0.057057057057057055
0 0.296 0.3078078078078078 0.032 0.057057057057057055
0 0.095 0.32882882882882886 0.022 0.03303303303303303
0 0.136 0.31981981981981983 0.02 0.03903903903903904
0 0.226 0.3183183183183183 0.02 0.042042042042042045
