0 0.90625 0.41541353383458646 0.0325 0.05639097744360902
0 0.88625 0.42105263157894735 0.0225 0.05263157894736842
0 0.83625 0.41729323308270677 0.0325 0.05263157894736842
0 0.81375 0.4116541353383459 0.0225 0.04887218045112782
0 0.76125 0.4041353383458647 0.0325 0.05639097744360902
0 0.69875 0.41353383458646614 0.0275 0.05263157894736842
0 0.62 0.4041353383458647 0.03 0.05639097744360902
0 0.59875 0.424812030075188 0.0225 0.045112781954887216
0 0.56375 0.40789473684210525 0.0325 0.06390977443609022
0 0.52125 0.4323308270676692 0.0275 0.045112781954887216
0 0.45375 0.4116541353383459 0.0325 0.05639097744360902
0 0.4 0.42857142857142855 0.03 0.05263157894736842
0 0.36875 0.42293233082706766 0.0225 0.05639097744360902
0 0.35 0.42857142857142855 0.03 0.06766917293233082
0 0.29125 0.42105263157894735 0.0425 0.09022556390977443
0 0.25 0.4191729323308271 0.035 0.07142857142857142
0 0.215 0.43796992481203006 0.035 0.07142857142857142
0 0.17875 0.44548872180451127 0.0625 0.10902255639097744
0 0.0625 0.42857142857142855 0.06 0.10526315789473684
0 0.01625 0.43796992481203006 0.0275 0.15413533834586465
