0 0.574375 0.3167293233082707 0.07625 0.14473684210526316
0 0.534375 0.34962406015037595 0.04375 0.09774436090225563
0 0.403125 0.33270676691729323 0.08875 0.16917293233082706
0 0.308125 0.38345864661654133 0.03625 0.06015037593984962
0 0.35125 0.38627819548872183 0.035 0.05451127819548872
0 0.2675 0.3731203007518797 0.0475 0.07330827067669173
0 0.21875 0.3543233082706767 0.05 0.10338345864661654
0 0.104375 0.3881578947368421 0.03625 0.06578947368421052
0 0.0775 0.37969924812030076 0.0275 0.06766917293233082
0 0.04625 0.37781954887218044 0.0475 0.07894736842105263
0 0.675 0.35620300751879697 0.045 0.11090225563909774
0 0.6425 0.3768796992481203 0.0275 0.05451127819548872
0 0.619375 0.37406015037593987 0.02125 0.04887218045112782
0 0.713125 0.3533834586466165 0.02875 0.05639097744360902
0 0.755 0.299812030075188 0.0675 0.11842105263157894
0 0.786875 0.34868421052631576 0.03375 0.05075187969924812
0 0.846875 0.3543233082706767 0.06125 0.11090225563909774
0 0.891875 0.375 0.04125 0.05827067669172932
0 0.945 0.3233082706766917 0.0575 0.11278195488721804
0 0.97125 0.3806390977443609 0.025 0.03571428571428571
