0 0.717 0.2927927927927928 0.07 0.12912912912912913
0 0.985 0.3033033033033033 0.026 0.04804804804804805
0 0.952 0.3003003003003003 0.028 0.04804804804804805
0 0.932 0.2912912912912913 0.02 0.042042042042042045
0 0.908 0.3048048048048048 0.016 0.02702702702702703
0 0.88 0.28378378378378377 0.024 0.04504504504504504
0 0.857 0.2822822822822823 0.022 0.042042042042042045
0 0.837 0.29429429429429427 0.026 0.042042042042042045
0 0.812 0.2927927927927928 0.016 0.03303303303303303
0 0.798 0.2882882882882883 0.02 0.042042042042042045
0 0.78 0.28678678678678676 0.02 0.04504504504504504
0 0.604 0.2822822822822823 0.056 0.1021021021021021
0 0.64 0.27927927927927926 0.024 0.04804804804804805
0 0.66 0.2777777777777778 0.02 0.03903903903903904
0 0.68 0.27627627627627627 0.02 0.036036036036036036
0 0.764 0.29429429429429427 0.016 0.03003003003003003
0 0.564 0.26576576576576577 0.028 0.05105105105105105
0 0.545 0.2627627627627628 0.022 0.05105105105105105
0 0.525 0.2777777777777778 0.022 0.04504504504504504
0 0.482 0.27177177177177175 0.024 0.05105105105105105
0 0.451 0.2732732732732733 0.022 0.042042042042042045
0 0.442 0.25975975975975973 0.016 0.03303303303303303
0 0.426 0.28378378378378377 0.02 0.03303303303303303
0 0.413 0.2732732732732733 0.018 0.05405405405405406
0 0.334 0.2957957957957958 0.028 0.05105105105105105
0 0.251 0.25825825825825827 0.034 0.06006006006006006
0 0.185 0.2882882882882883 0.026 0.042042042042042045
0 0.165 0.25375375375375375 0.026 0.04504504504504504
0 0.122 0.30180180180180183 0.028 0.05105105105105105
0 0.096 0.2822822822822823 0.024 0.04804804804804805
0 0.021 0.3033033033033033 0.03 0.05405405405405406
0 0.05 0.27177177177177175 0.028 0.04504504504504504
0 0.023 0.26126126126126126 0.018 0.03003003003003003
0 0.007 0.2852852852852853 0.01 0.04804804804804805
0 0.142 0.28378378378378377 0.024 0.03303303303303303
0 0.211 0.28678678678678676 0.022 0.04504504504504504
0 0.36 0.26576576576576577 0.02 0.04504504504504504
0 0.39 0.2747747747747748 0.02 0.04504504504504504
0 0.379 0.2732732732732733 0.018 0.036036036036036036
0 0.29 0.2882882882882883 0.024 0.04804804804804805
0 0.311 0.26426426426426425 0.014 0.036036036036036036
