0 0.425625 0.3167293233082707 0.07625 0.14473684210526316
0 0.465625 0.34962406015037595 0.04375 0.09774436090225563
0 0.596875 0.33270676691729323 0.08875 0.16917293233082706
0 0.691875 0.38345864661654133 0.03625 0.06015037593984962
0 0.64875 0.38627819548872183 0.035 0.05451127819548872
0 0.7325 0.3731203007518797 0.0475 0.07330827067669173
0 0.78125 0.3543233082706767 0.05 0.10338345864661654
0 0.895625 0.3881578947368421 0.03625 0.06578947368421052
0 0.9225 0.37969924812030076 0.0275 0.06766917293233082
0 0.95375 0.37781954887218044 0.0475 0.07894736842105263
0 0.325 0.35620300751879697 0.045 0.11090225563909774
0 0.3575 0.3768796992481203 0.0275 0.05451127819548872
0 0.380625 0.37406015037593987 0.02125 0.04887218045112782
0 0.286875 0.3533834586466165 0.02875 0.05639097744360902
0 0.245 0.299812030075188 0.0675 0.11842105263157894
0 0.213125 0.34868421052631576 0.03375 0.05075187969924812
0 0.153125 0.3543233082706767 0.06125 0.11090225563909774
0 0.108125 0.375 0.04125 0.05827067669172932
0 0.055 0.3233082706766917 0.0575 0.11278195488721804
0 0.02875 0.3806390977443609 0.025 0.03571428571428571
