0 0.8165 0.05533980582524272 0.083 0.09902912621359224
0 0.7215 0.11019417475728155 0.079 0.09029126213592233
0 0.6005 0.059223300970873784 0.075 0.10485436893203884
0 0.4415 0.0883495145631068 0.081 0.09902912621359224
0 0.2835 0.062135922330097085 0.077 0.09902912621359224
0 0.122 0.0854368932038835 0.08 0.1029126213592233
0 0.1185 0.3975728155339806 0.087 0.09805825242718447
0 0.33 0.3558252427184466 0.084 0.11359223300970873
0 0.446 0.39611650485436894 0.09 0.0854368932038835
0 0.6435 0.3990291262135922 0.089 0.11067961165048544
0 0.8055 0.38786407766990294 0.089 0.10776699029126213
0 0.8475 0.6946601941747573 0.085 0.11553398058252427
0 0.775 0.6927184466019417 0.066 0.10582524271844661
0 0.6265 0.6864077669902913 0.069 0.09514563106796116
0 0.5165 0.6990291262135923 0.063 0.09320388349514563
0 0.4095 0.7019417475728156 0.075 0.07961165048543689
0 0.3005 0.6757281553398058 0.069 0.0912621359223301
0 0.2155 0.7257281553398058 0.067 0.0883495145631068
0 0.098 0.704368932038835 0.068 0.0941747572815534
