0 0.16566666666666666 0.24149338374291116 0.06466666666666666 0.11814744801512288
0 0.013333333333333334 0.35207939508506614 0.025333333333333333 0.07088846880907372
0 0.22733333333333333 0.32372400756143666 0.04666666666666667 0.09546313799621928
0 0.37566666666666665 0.12476370510396975 0.09133333333333334 0.15311909262759923
0 0.47333333333333333 0.30293005671077505 0.058666666666666666 0.07844990548204159
0 0.5373333333333333 0.2575614366729679 0.06666666666666667 0.12570888468809074
0 0.5676666666666667 0.31852551984877125 0.042 0.07939508506616257
0 0.6476666666666666 0.24291115311909262 0.06733333333333333 0.09829867674858223
0 0.7243333333333334 0.2774102079395085 0.059333333333333335 0.08601134215500945
0 0.8003333333333333 0.31710775047258977 0.04733333333333333 0.08601134215500945
0 0.8253333333333334 0.32655954631379963 0.02266666666666667 0.06521739130434782
0 0.8406666666666667 0.36342155009451793 0.02666666666666667 0.05387523629489603
0 0.9256666666666666 0.33034026465028354 0.05266666666666667 0.07655954631379962
