0 0.06266666666666666 0.20232558139534884 0.052 0.20930232558139536
0 0.13166666666666665 0.2127906976744186 0.04733333333333333 0.19767441860465115
0 0.15733333333333333 0.14186046511627906 0.036 0.14883720930232558
0 0.19633333333333333 0.23372093023255813 0.043333333333333335 0.2069767441860465
0 0.6713333333333333 0.23604651162790696 0.034666666666666665 0.14186046511627906
0 0.665 0.12325581395348838 0.03 0.11627906976744186
0 0.558 0.17325581395348838 0.029333333333333333 0.1558139534883721
0 0.518 0.1744186046511628 0.032 0.15348837209302327
0 0.462 0.19883720930232557 0.029333333333333333 0.14186046511627906
0 0.433 0.20813953488372092 0.03133333333333333 0.1697674418604651
0 0.40066666666666667 0.1697674418604651 0.03333333333333333 0.14883720930232558
0 0.36 0.22790697674418606 0.03866666666666667 0.17674418604651163
0 0.31533333333333335 0.17906976744186046 0.034666666666666665 0.16279069767441862
0 0.2986666666666667 0.29186046511627906 0.036 0.1744186046511628
0 0.2633333333333333 0.19186046511627908 0.03866666666666667 0.1697674418604651
0 0.22666666666666666 0.20813953488372092 0.04133333333333333 0.17906976744186046
0 0.605 0.2116279069767442 0.03266666666666666 0.13488372093023257
0 0.715 0.20348837209302326 0.03266666666666666 0.12790697674418605
0 0.7373333333333333 0.2593023255813954 0.044 0.1697674418604651
0 0.8023333333333333 0.2255813953488372 0.03666666666666667 0.16279069767441862
0 0.832 0.18953488372093022 0.03333333333333333 0.16046511627906976
0 0.8653333333333333 0.20813953488372092 0.044 0.1930232558139535
0 0.9366666666666666 0.21744186046511627 0.04666666666666667 0.21627906976744185
