0 0.044 0.7943192948090108 0.034666666666666665 0.03525954946131244
0 0.046 0.7247796278158668 0.03333333333333333 0.03330068560235064
0 0.12466666666666666 0.7855044074436827 0.036 0.031341821743388835
0 0.124 0.7159647404505387 0.032 0.031341821743388835
0 0.15 0.7061704211557297 0.030666666666666665 0.02742409402546523
0 0.18933333333333333 0.7135161606268364 0.032 0.03232125367286973
0 0.202 0.7742409402546523 0.03333333333333333 0.03232125367286973
0 0.41733333333333333 0.7761998041136141 0.029333333333333333 0.030362389813907934
0 0.3446666666666667 0.7884427032321254 0.030666666666666665 0.03330068560235064
0 0.2713333333333333 0.7703232125367288 0.036 0.034280117531831536
0 0.24666666666666667 0.7159647404505387 0.034666666666666665 0.031341821743388835
0 0.5006666666666667 0.7649363369245837 0.028 0.029382957884427033
0 0.5613333333333334 0.7810969637610186 0.032 0.02644466209598433
0 0.3893333333333333 0.7066601371204702 0.02666666666666667 0.02644466209598433
0 0.37466666666666665 0.682664054848188 0.029333333333333333 0.02742409402546523
0 0.314 0.6821743388834476 0.028 0.02840352595494613
0 0.30466666666666664 0.7120470127326151 0.028 0.02742409402546523
0 0.3546666666666667 0.7135161606268364 0.02666666666666667 0.030362389813907934
0 0.9233333333333333 0.7659157688540646 0.036 0.03525954946131244
0 0.8393333333333334 0.7551420176297747 0.036 0.03330068560235064
0 0.7713333333333333 0.7644466209598433 0.036 0.03232125367286973
0 0.7153333333333334 0.7644466209598433 0.03333333333333333 0.03232125367286973
0 0.6586666666666666 0.7624877571008815 0.029333333333333333 0.03232125367286973
0 0.6493333333333333 0.7115572967678746 0.032 0.030362389813907934
0 0.6773333333333333 0.6856023506366308 0.029333333333333333 0.029382957884427033
0 0.7653333333333333 0.7051909892262488 0.029333333333333333 0.029382957884427033
0 0.7393333333333333 0.6929480901077375 0.025333333333333333 0.030362389813907934
0 0.7053333333333334 0.6807051909892262 0.02666666666666667 0.02742409402546523
0 0.7173333333333334 0.6616062683643487 0.024 0.02644466209598433
0 0.602 0.7027424094025465 0.028 0.03232125367286973
0 0.58 0.692458374142997 0.024 0.02742409402546523
0 0.556 0.7095984329089128 0.02666666666666667 0.030362389813907934
0 0.5326666666666666 0.6890303623898139 0.028 0.02840352595494613
0 0.5 0.6963761018609207 0.02666666666666667 0.029382957884427033
0 0.44333333333333336 0.7002938295788442 0.030666666666666665 0.029382957884427033
0 0.452 0.6645445641527914 0.02666666666666667 0.024485798237022526
0 0.5546666666666666 0.672869735553379 0.024 0.023506366307541625
0 0.9793333333333333 0.6919686581782566 0.030666666666666665 0.02840352595494613
0 0.9733333333333334 0.6699314397649363 0.029333333333333333 0.019588638589618023
0 0.9166666666666666 0.6777668952007836 0.030666666666666665 0.031341821743388835
0 0.884 0.6718903036238981 0.029333333333333333 0.029382957884427033
0 0.846 0.6797257590597453 0.028 0.029382957884427033
0 0.816 0.6660137120470128 0.02666666666666667 0.025465230166503428
0 0.7786666666666666 0.6704211557296768 0.02666666666666667 0.02840352595494613
0 0.266 0.7037218413320274 0.030666666666666665 0.030362389813907934
