0 0.195 0.4009433962264151 0.33 0.5880503144654088
0 0.709 0.7311320754716981 0.27 0.4559748427672956
0 0.463 0.610062893081761 0.022 0.03773584905660377
0 0.291 0.6257861635220126 0.022 0.03773584905660377
0 0.458 0.5644654088050315 0.016 0.03459119496855346
0 0.464 0.5031446540880503 0.016 0.031446540880503145
0 0.545 0.5990566037735849 0.018 0.03459119496855346
0 0.588 0.5251572327044025 0.016 0.031446540880503145
0 0.588 0.5927672955974843 0.016 0.03459119496855346
0 0.643 0.4889937106918239 0.018 0.03459119496855346
0 0.911 0.6477987421383647 0.022 0.050314465408805034
0 0.539 0.5455974842767296 0.018 0.03459119496855346
