0 0.5125 0.7133333333333334 0.09833333333333333 0.2
0 0.3 0.47333333333333333 0.043333333333333335 0.08666666666666667
0 0.6716666666666666 0.405 0.03 0.09
0 0.5908333333333333 0.505 0.021666666666666667 0.043333333333333335
0 0.6016666666666667 0.43333333333333335 0.016666666666666666 0.04
0 0.5066666666666667 0.405 0.01 0.023333333333333334
0 0.5258333333333334 0.515 0.018333333333333333 0.043333333333333335
0 0.5366666666666666 0.46166666666666667 0.013333333333333334 0.03
0 0.4791666666666667 0.45166666666666666 0.015 0.03666666666666667
0 0.41 0.4583333333333333 0.013333333333333334 0.03
0 0.44166666666666665 0.45166666666666666 0.01 0.03
0 0.7175 0.37666666666666665 0.015 0.03333333333333333
