0 0.3609129814550642 0.3254950495049505 0.05991440798858773 0.12128712871287128
0 0.5256776034236804 0.2537128712871287 0.05563480741797432 0.10643564356435643
0 0.5713266761768901 0.1967821782178218 0.04992867332382311 0.09653465346534654
0 0.4543509272467903 0.15346534653465346 0.029957203994293864 0.08415841584158416
0 0.43580599144079885 0.2141089108910891 0.03566333808844508 0.07673267326732673
0 0.42082738944365194 0.13366336633663367 0.037089871611982884 0.07425742574257425
0 0.33737517831669045 0.21534653465346534 0.04992867332382311 0.07425742574257425
0 0.29457917261055633 0.17202970297029702 0.03851640513552068 0.09158415841584158
0 0.2738944365192582 0.15841584158415842 0.025677603423680456 0.06435643564356436
0 0.21540656205420827 0.14232673267326731 0.06276747503566334 0.11138613861386139
0 0.07988587731811697 0.1646039603960396 0.04850213980028531 0.10148514851485149
0 0.024964336661911554 0.08044554455445545 0.047075606276747506 0.09653465346534654
