0 0.52725 0.127 0.0275 0.064
0 0.642 0.523 0.028 0.072
0 0.705 0.523 0.028 0.072
0 0.58575 0.52 0.0365 0.076
0 0.5495 0.54 0.025 0.076
0 0.5255 0.54 0.029 0.092
0 0.50375 0.502 0.0245 0.066
0 0.4945 0.5535 0.022 0.071
0 0.45225 0.5835 0.0335 0.085
0 0.43725 0.506 0.0245 0.066
0 0.37775 0.5525 0.0285 0.077
0 0.386 0.504 0.026 0.062
0 0.361 0.523 0.024 0.064
0 0.33425 0.533 0.0265 0.08
0 0.298 0.5295 0.025 0.069
0 0.2955 0.493 0.028 0.064
0 0.24875 0.4895 0.0265 0.057
0 0.245 0.5285 0.026 0.073
0 0.16525 0.5085 0.0315 0.069
0 0.18075 0.602 0.0355 0.084
0 0.275 0.632 0.034 0.092
0 0.56475 0.725 0.0295 0.088
