0 0.6833333333333333 0.62875 0.07333333333333333 0.1025
0 0.7083333333333334 0.40625 0.04 0.0775
0 0.4266666666666667 0.5625 0.05 0.085
0 0.4575 0.44375 0.041666666666666664 0.0625
0 0.48 0.43125 0.03 0.0625
0 0.5433333333333333 0.4225 0.03 0.06
0 0.8008333333333333 0.405 0.035 0.065
0 0.8408333333333333 0.3975 0.03833333333333333 0.065
0 0.9616666666666667 0.405 0.03333333333333333 0.07
0 0.31083333333333335 0.39125 0.06166666666666667 0.1075
0 0.6 0.34375 0.056666666666666664 0.1125
0 0.3541666666666667 0.4625 0.03166666666666667 0.065
0 0.3925 0.4325 0.035 0.07
0 0.22166666666666668 0.3075 0.07333333333333333 0.125
0 0.11916666666666667 0.3825 0.04833333333333333 0.075
0 0.013333333333333334 0.465 0.02666666666666667 0.06
0 0.01 0.3675 0.02 0.075
