0 0.2525622254758419 0.54443359375 0.05417276720351391 0.0439453125
0 0.2972181551976574 0.54931640625 0.043923865300146414 0.0380859375
0 0.3396778916544656 0.53369140625 0.04685212298682284 0.0361328125
0 0.4341142020497804 0.55029296875 0.03953147877013177 0.0380859375
0 0.513177159590044 0.5380859375 0.05124450951683748 0.04296875
0 0.8799414348462665 0.40869140625 0.08784773060029283 0.0771484375
0 0.808199121522694 0.2646484375 0.07906295754026355 0.0703125
0 0.7635431918008785 0.1591796875 0.06881405563689605 0.05078125
0 0.7445095168374817 0.12890625 0.0629575402635432 0.05078125
0 0.6976573938506588 0.072265625 0.05710102489019034 0.052734375
0 0.4802342606149341 0.22900390625 0.032210834553440704 0.0302734375
0 0.45021961932650073 0.2431640625 0.03074670571010249 0.03125
