0 0.679 0.06508422664624809 0.094 0.07503828483920368
0 0.605 0.1003062787136294 0.046 0.0444104134762634
0 0.514 0.25191424196018375 0.188 0.1546707503828484
0 0.272 0.09188361408882083 0.076 0.06125574272588055
0 0.561 0.11868300153139356 0.022 0.016845329249617153
0 0.526 0.1339969372128637 0.02 0.019908116385911178
0 0.431 0.13476263399693722 0.018 0.015313935681470138
0 0.39 0.1324655436447167 0.02 0.013782542113323124
0 0.362 0.15696784073506892 0.024 0.016845329249617153
0 0.463 0.13782542113323124 0.018 0.015313935681470138
0 0.487 0.14012251148545177 0.018 0.016845329249617153
