0 0.17166666666666666 0.29777777777777775 0.12166666666666667 0.23407407407407407
0 0.3325 0.25555555555555554 0.09333333333333334 0.22962962962962963
0 0.49416666666666664 0.2288888888888889 0.09 0.22074074074074074
0 0.6125 0.2548148148148148 0.09833333333333333 0.21925925925925926
0 0.78375 0.20444444444444446 0.1025 0.22518518518518518
0 0.89625 0.2992592592592593 0.06916666666666667 0.14222222222222222
0 0.11166666666666666 0.36074074074074075 0.02 0.034074074074074076
0 0.059166666666666666 0.36444444444444446 0.02 0.04148148148148148
0 0.007083333333333333 0.37407407407407406 0.014166666666666666 0.03111111111111111
0 0.07333333333333333 0.3592592592592593 0.016666666666666666 0.03111111111111111
