0 0.8330827067669173 0.7675736961451247 0.07218045112781955 0.1111111111111111
0 0.9819548872180451 0.719954648526077 0.03308270676691729 0.07936507936507936
0 0.681203007518797 0.7154195011337868 0.05714285714285714 0.09297052154195011
0 0.7563909774436091 0.719954648526077 0.05413533834586466 0.07482993197278912
0 0.7834586466165413 0.6337868480725624 0.03609022556390978 0.061224489795918366
0 0.8428571428571429 0.6678004535147393 0.055639097744360905 0.08843537414965986
0 0.9 0.6700680272108843 0.04360902255639098 0.061224489795918366
0 0.5481203007518797 0.6598639455782312 0.04661654135338346 0.07256235827664399
0 0.5165413533834586 0.7902494331065759 0.07067669172932331 0.10204081632653061
0 0.46616541353383456 0.6281179138321995 0.039097744360902256 0.05895691609977324
0 0.2744360902255639 0.7120181405895691 0.055639097744360905 0.09523809523809523
0 0.3451127819548872 0.6678004535147393 0.04962406015037594 0.07029478458049887
0 0.3 0.5975056689342404 0.031578947368421054 0.05668934240362812
0 0.18571428571428572 0.6303854875283447 0.03759398496240601 0.05895691609977324
0 0.18345864661654135 0.5929705215419501 0.03308270676691729 0.04308390022675737
0 0.14962406015037594 0.572562358276644 0.022556390977443608 0.034013605442176874
0 0.12481203007518797 0.5566893424036281 0.02406015037593985 0.034013605442176874
0 0.530827067669173 0.5839002267573696 0.021052631578947368 0.02947845804988662
0 0.5827067669172933 0.5736961451247166 0.02556390977443609 0.031746031746031744
0 0.6233082706766917 0.6201814058956916 0.03458646616541353 0.05215419501133787
0 0.6526315789473685 0.6643990929705216 0.039097744360902256 0.05895691609977324
0 0.6879699248120301 0.6111111111111112 0.02857142857142857 0.04308390022675737
0 0.7330827067669173 0.6496598639455783 0.03759398496240601 0.05668934240362812
0 0.7541353383458647 0.5839002267573696 0.02556390977443609 0.03854875283446712
0 0.7210526315789474 0.5884353741496599 0.02857142857142857 0.03854875283446712
0 0.9210526315789473 0.6190476190476191 0.03458646616541353 0.045351473922902494
0 0.924812030075188 0.5328798185941043 0.02406015037593985 0.036281179138321996
0 0.8105263157894737 0.5589569160997733 0.01804511278195489 0.02947845804988662
0 0.7894736842105263 0.5600907029478458 0.021052631578947368 0.036281179138321996
0 0.6609022556390978 0.5147392290249433 0.019548872180451128 0.031746031746031744
0 0.6894736842105263 0.5204081632653061 0.019548872180451128 0.02947845804988662
0 0.4112781954887218 0.6111111111111112 0.031578947368421054 0.04308390022675737
0 0.3744360902255639 0.5839002267573696 0.02406015037593985 0.034013605442176874
0 0.2646616541353383 0.5929705215419501 0.03007518796992481 0.04308390022675737
0 0.23684210526315788 0.5691609977324263 0.02556390977443609 0.036281179138321996
0 0.21879699248120302 0.564625850340136 0.022556390977443608 0.036281179138321996
0 0.4774436090225564 0.590702947845805 0.02556390977443609 0.034013605442176874
0 0.8714285714285714 0.5634920634920635 0.016541353383458645 0.024943310657596373
0 0.5654135338345865 0.572562358276644 0.01804511278195489 0.024943310657596373
0 0.6045112781954888 0.5589569160997733 0.021052631578947368 0.02947845804988662
0 0.6142857142857143 0.5714285714285714 0.019548872180451128 0.027210884353741496
0 0.6285714285714286 0.5385487528344671 0.015037593984962405 0.02040816326530612
0 0.6458646616541354 0.5736961451247166 0.022556390977443608 0.031746031746031744
0 0.7007518796992481 0.5498866213151927 0.015037593984962405 0.024943310657596373
0 0.7631578947368421 0.5566893424036281 0.016541353383458645 0.024943310657596373
0 0.42406015037593986 0.5691609977324263 0.021052631578947368 0.031746031746031744
0 0.4075187969924812 0.5839002267573696 0.02706766917293233 0.034013605442176874
0 0.4631578947368421 0.5793650793650794 0.02706766917293233 0.03854875283446712
0 0.4857142857142857 0.5714285714285714 0.021052631578947368 0.031746031746031744
0 0.5383458646616541 0.5532879818594104 0.015037593984962405 0.027210884353741496
0 0.7338345864661654 0.5589569160997733 0.015037593984962405 0.02040816326530612
0 0.5263157894736842 0.6496598639455783 0.02706766917293233 0.05215419501133787
0 0.562406015037594 0.5340136054421769 0.012030075187969926 0.015873015873015872
0 0.5812030075187969 0.5351473922902494 0.016541353383458645 0.022675736961451247
0 0.44285714285714284 0.5634920634920635 0.019548872180451128 0.02947845804988662
0 0.7789473684210526 0.6043083900226758 0.03007518796992481 0.03854875283446712
0 0.039097744360902256 0.8514739229024944 0.07819548872180451 0.1473922902494331
0 0.05714285714285714 0.7244897959183674 0.06917293233082707 0.10657596371882086
0 0.059398496240601506 0.6587301587301587 0.058646616541353384 0.05668934240362812
0 0.062406015037593986 0.6281179138321995 0.04962406015037594 0.049886621315192746
0 0.06842105263157895 0.5873015873015873 0.04360902255639098 0.045351473922902494
0 0.09172932330827067 0.5759637188208617 0.02706766917293233 0.036281179138321996
0 0.07819548872180451 0.5498866213151927 0.01804511278195489 0.02947845804988662
0 0.19172932330827067 0.5578231292517006 0.019548872180451128 0.027210884353741496
0 0.30451127819548873 0.5532879818594104 0.016541353383458645 0.022675736961451247
0 0.3481203007518797 0.5691609977324263 0.019548872180451128 0.031746031746031744
0 0.3300751879699248 0.5510204081632653 0.016541353383458645 0.022675736961451247
0 0.3774436090225564 0.5544217687074829 0.01804511278195489 0.024943310657596373
0 0.0481203007518797 0.49206349206349204 0.015037593984962405 0.027210884353741496
0 0.059398496240601506 0.5317460317460317 0.016541353383458645 0.024943310657596373
0 0.11954887218045113 0.528344671201814 0.013533834586466165 0.018140589569160998
0 0.23308270676691728 0.5408163265306123 0.015037593984962405 0.02040816326530612
0 0.21804511278195488 0.5396825396825397 0.012030075187969926 0.018140589569160998
0 0.8413533834586466 0.6122448979591837 0.03759398496240601 0.04081632653061224
0 0.8195488721804511 0.6349206349206349 0.03007518796992481 0.04081632653061224
0 0.9624060150375939 0.5782312925170068 0.01804511278195489 0.027210884353741496
0 0.9819548872180451 0.5816326530612245 0.02406015037593985 0.034013605442176874
0 0.9218045112781955 0.7210884353741497 0.06917293233082707 0.09523809523809523
0 0.4105263157894737 0.7120181405895691 0.05413533834586466 0.07709750566893424
0 0.3308270676691729 0.5816326530612245 0.02406015037593985 0.03854875283446712
0 0.8406015037593985 0.5578231292517006 0.015037593984962405 0.022675736961451247
0 0.8533834586466166 0.5578231292517006 0.016541353383458645 0.022675736961451247
0 0.9578947368421052 0.5498866213151927 0.012030075187969926 0.02040816326530612
0 0.8917293233082707 0.5612244897959183 0.01804511278195489 0.024943310657596373
0 0.6097744360902255 0.5260770975056689 0.010526315789473684 0.018140589569160998
0 0.8218045112781955 0.5306122448979592 0.013533834586466165 0.018140589569160998
0 0.8481203007518797 0.536281179138322 0.012030075187969926 0.02040816326530612
