0 0.15069444444444444 0.3958333333333333 0.07083333333333333 0.12916666666666668
0 0.21180555555555555 0.45208333333333334 0.04027777777777778 0.06666666666666667
0 0.2569444444444444 0.434375 0.03611111111111111 0.06458333333333334
0 0.23819444444444443 0.4322916666666667 0.02638888888888889 0.06458333333333334
0 0.2881944444444444 0.459375 0.02638888888888889 0.052083333333333336
0 0.3076388888888889 0.45625 0.029166666666666667 0.058333333333333334
0 0.33611111111111114 0.42291666666666666 0.04722222222222222 0.07916666666666666
0 0.37222222222222223 0.40729166666666666 0.03888888888888889 0.08125
0 0.3993055555555556 0.42291666666666666 0.034722222222222224 0.06666666666666667
0 0.44166666666666665 0.4166666666666667 0.05277777777777778 0.09583333333333334
0 0.46597222222222223 0.415625 0.03194444444444444 0.06458333333333334
0 0.5 0.4375 0.03611111111111111 0.0625
0 0.5645833333333333 0.39479166666666665 0.05416666666666667 0.10208333333333333
0 0.6166666666666667 0.4010416666666667 0.06388888888888888 0.11041666666666666
0 0.1763888888888889 0.4510416666666667 0.022222222222222223 0.04791666666666667
0 0.7020833333333333 0.39479166666666665 0.06805555555555555 0.11875
0 0.6652777777777777 0.4114583333333333 0.03611111111111111 0.09375
0 0.7861111111111111 0.38958333333333334 0.06944444444444445 0.11666666666666667
0 0.8506944444444444 0.409375 0.04861111111111111 0.08958333333333333
0 0.9083333333333333 0.390625 0.058333333333333334 0.10625
0 0.9680555555555556 0.4083333333333333 0.05555555555555555 0.09166666666666666
