0 0.38181818181818183 0.09814323607427056 0.10181818181818182 0.1962864721485411
0 0.66 0.1220159151193634 0.11272727272727273 0.17506631299734748
0 0.8354545454545454 0.22148541114058357 0.034545454545454546 0.05570291777188329
0 0.79 0.1883289124668435 0.03090909090909091 0.058355437665782495
0 0.5463636363636364 0.20159151193633953 0.03090909090909091 0.04774535809018567
0 0.05 0.16047745358090185 0.03090909090909091 0.0610079575596817
0 0.11454545454545455 0.27453580901856767 0.02909090909090909 0.050397877984084884
0 0.17545454545454545 0.26657824933687 0.023636363636363636 0.034482758620689655
0 0.9718181818181818 0.17506631299734748 0.04909090909090909 0.09018567639257294
0 0.3090909090909091 0.18037135278514588 0.025454545454545455 0.03713527851458886
