0 0.088125 0.364476386036961 0.08125 0.14989733059548255
0 0.194375 0.4209445585215606 0.07125 0.1273100616016427
0 0.19375 0.3162217659137577 0.07 0.11909650924024641
0 0.2875 0.3839835728952772 0.065 0.13552361396303902
0 0.324375 0.4106776180698152 0.03875 0.1026694045174538
0 0.344375 0.3993839835728953 0.04125 0.11704312114989733
0 0.396875 0.4240246406570842 0.06375 0.12114989733059549
0 0.4475 0.4548254620123203 0.05 0.10882956878850103
0 0.603125 0.4106776180698152 0.04625 0.11088295687885011
0 0.62625 0.364476386036961 0.06 0.12114989733059549
0 0.67125 0.3603696098562628 0.0475 0.10882956878850103
0 0.724375 0.38193018480492813 0.05375 0.10677618069815195
0 0.7625 0.3737166324435318 0.0425 0.09856262833675565
0 0.84125 0.4353182751540041 0.05 0.1026694045174538
0 0.885 0.4240246406570842 0.05 0.09650924024640657
0 0.933125 0.42915811088295686 0.04375 0.09856262833675565
0 0.255625 0.3737166324435318 0.04125 0.09856262833675565
