0 0.8875 0.3308270676691729 0.058333333333333334 0.11528822055137844
0 0.7741666666666667 0.3433583959899749 0.051666666666666666 0.11027568922305764
0 0.6866666666666666 0.35213032581453635 0.05333333333333334 0.09774436090225563
0 0.5941666666666666 0.35964912280701755 0.051666666666666666 0.08771929824561403
0 0.5208333333333334 0.34210526315789475 0.045 0.08771929824561403
0 0.43583333333333335 0.3609022556390977 0.045 0.09022556390977443
0 0.3566666666666667 0.38095238095238093 0.04666666666666667 0.09022556390977443
0 0.29583333333333334 0.38471177944862156 0.04833333333333333 0.08771929824561403
0 0.2025 0.37844611528822053 0.045 0.08020050125313283
0 0.11666666666666667 0.37844611528822053 0.043333333333333335 0.08521303258145363
