0 0.08363636363636363 0.3871359223300971 0.05454545454545454 0.08495145631067962
0 0.1590909090909091 0.3762135922330097 0.04909090909090909 0.07281553398058252
0 0.2190909090909091 0.3725728155339806 0.04181818181818182 0.06553398058252427
0 0.28 0.3883495145631068 0.04 0.06310679611650485
0 0.3527272727272727 0.40048543689320387 0.03272727272727273 0.05339805825242718
0 0.4354545454545454 0.37014563106796117 0.03090909090909091 0.055825242718446605
0 0.5027272727272727 0.3871359223300971 0.03090909090909091 0.06067961165048544
0 0.5581818181818182 0.38106796116504854 0.03272727272727273 0.06310679611650485
0 0.6381818181818182 0.3592233009708738 0.03272727272727273 0.05339805825242718
0 0.6581818181818182 0.3907766990291262 0.03272727272727273 0.05825242718446602
0 0.7027272727272728 0.38106796116504854 0.038181818181818185 0.07281553398058252
0 0.7836363636363637 0.39563106796116504 0.04727272727272727 0.07766990291262135
0 0.88 0.33737864077669905 0.05090909090909091 0.07766990291262135
0 0.9272727272727272 0.37985436893203883 0.04 0.055825242718446605
