0 0.867 0.27066666666666667 0.074 0.10933333333333334
0 0.637 0.24933333333333332 0.05 0.088
0 0.582 0.30133333333333334 0.056 0.096
0 0.54 0.24533333333333332 0.036 0.06933333333333333
0 0.56 0.26666666666666666 0.032 0.064
0 0.468 0.316 0.072 0.104
0 0.517 0.30933333333333335 0.054 0.10133333333333333
0 0.355 0.2826666666666667 0.078 0.128
0 0.425 0.27066666666666667 0.042 0.072
0 0.291 0.2693333333333333 0.058 0.096
0 0.23 0.316 0.096 0.14666666666666667
0 0.147 0.2813333333333333 0.07 0.10933333333333334
0 0.039 0.27466666666666667 0.078 0.13333333333333333
0 0.668 0.276 0.028 0.06666666666666667
