0 0.91375 0.38738738738738737 0.055 0.12162162162162163
0 0.838125 0.36373873873873874 0.04875 0.10135135135135136
0 0.78 0.3614864864864865 0.04 0.08783783783783784
0 0.719375 0.3795045045045045 0.03375 0.07882882882882883
0 0.645625 0.39864864864864863 0.03125 0.07207207207207207
0 0.56375 0.356981981981982 0.0325 0.06981981981981981
0 0.495 0.3738738738738739 0.0325 0.07657657657657657
0 0.43875 0.3716216216216216 0.035 0.07657657657657657
0 0.359375 0.34346846846846846 0.03375 0.07432432432432433
0 0.340625 0.38513513513513514 0.03375 0.08108108108108109
0 0.299375 0.3738738738738739 0.03875 0.0945945945945946
0 0.21375 0.39864864864864863 0.05 0.11261261261261261
0 0.1175 0.31644144144144143 0.05 0.11486486486486487
