0 0.9295454545454546 0.55 0.04393939393939394 0.064
0 0.8568181818181818 0.54 0.04696969696969697 0.064
0 0.8939393939393939 0.509 0.03636363636363636 0.054
0 0.8 0.561 0.03939393939393939 0.066
0 0.7568181818181818 0.524 0.03484848484848485 0.064
0 0.6439393939393939 0.547 0.045454545454545456 0.07
0 0.5606060606060606 0.512 0.045454545454545456 0.072
0 0.4734848484848485 0.543 0.04090909090909091 0.07
0 0.39924242424242423 0.53 0.04090909090909091 0.076
0 0.2916666666666667 0.527 0.04696969696969697 0.078
0 0.18484848484848485 0.529 0.048484848484848485 0.086
0 0.07651515151515151 0.517 0.05303030303030303 0.078
0 0.693939393939394 0.526 0.03939393939393939 0.064
0 0.6287878787878788 0.512 0.03333333333333333 0.056
0 0.41515151515151516 0.515 0.03333333333333333 0.066
0 0.3068181818181818 0.532 0.04090909090909091 0.076
