0 0.422 0.23255813953488372 0.126 0.13053263315828958
0 0.663 0.21492873218304576 0.116 0.12378094523630907
0 0.223 0.2704426106526632 0.142 0.13278319579894973
0 0.0835 0.16916729182295573 0.065 0.051762940735183796
0 0.026 0.18042010502625658 0.052 0.05926481620405101
0 0.18 0.15491372843210802 0.056 0.04576144036009002
0 0.927 0.17479369842460615 0.098 0.0900225056264066
0 0.972 0.20742685671417854 0.054 0.08027006751687922
0 0.5555 0.1837959489872468 0.065 0.07501875468867217
0 0.6125 0.17479369842460615 0.061 0.05101275318829707
0 0.2935 0.1504126031507877 0.051 0.047261815453863466
0 0.255 0.1646661665416354 0.06 0.047261815453863466
0 0.2685 0.19242310577644411 0.067 0.0622655663915979
0 0.028 0.2618154538634659 0.056 0.10952738184546136
