0 0.578 0.23255813953488372 0.126 0.13053263315828958
0 0.337 0.21492873218304576 0.116 0.12378094523630907
0 0.777 0.2704426106526632 0.142 0.13278319579894973
0 0.9165 0.16916729182295573 0.065 0.051762940735183796
0 0.974 0.18042010502625658 0.052 0.05926481620405101
0 0.82 0.15491372843210802 0.056 0.04576144036009002
0 0.073 0.17479369842460615 0.098 0.0900225056264066
0 0.028 0.20742685671417854 0.054 0.08027006751687922
0 0.4445 0.1837959489872468 0.065 0.07501875468867217
0 0.3875 0.17479369842460615 0.061 0.05101275318829707
0 0.7065 0.1504126031507877 0.051 0.047261815453863466
0 0.745 0.1646661665416354 0.06 0.047261815453863466
0 0.7315 0.19242310577644411 0.067 0.0622655663915979
0 0.972 0.2618154538634659 0.056 0.10952738184546136
