0 0.742 0.2681818181818182 0.044 0.11818181818181818
0 0.676 0.26136363636363635 0.04 0.11363636363636363
0 0.62 0.5159090909090909 0.04 0.11363636363636363
0 0.532 0.48863636363636365 0.04 0.11363636363636363
0 0.461 0.47954545454545455 0.042 0.11363636363636363
0 0.607 0.2636363636363636 0.038 0.10909090909090909
0 0.546 0.26136363636363635 0.036 0.11363636363636363
0 0.458 0.2431818181818182 0.04 0.11363636363636363
0 0.389 0.26590909090909093 0.038 0.12272727272727273
0 0.333 0.22045454545454546 0.034 0.09545454545454546
0 0.245 0.18863636363636363 0.038 0.10454545454545454
