0 0.5769230769230769 0.3934262948207171 0.036923076923076927 0.06573705179282868
0 0.5261538461538462 0.40139442231075695 0.033846153846153845 0.05776892430278884
0 0.5223076923076924 0.2729083665338645 0.023076923076923078 0.03187250996015936
0 0.7292307692307692 0.4153386454183267 0.04 0.061752988047808766
0 0.8107692307692308 0.40039840637450197 0.046153846153846156 0.06374501992031872
0 0.9507692307692308 0.34960159362549803 0.033846153846153845 0.049800796812749
0 0.9046153846153846 0.38745019920318724 0.046153846153846156 0.061752988047808766
0 0.7553846153846154 0.351593625498008 0.036923076923076927 0.045816733067729085
0 0.7107692307692308 0.3595617529880478 0.03076923076923077 0.049800796812749
0 0.6115384615384616 0.3336653386454183 0.023076923076923078 0.029880478087649404
0 0.6576923076923077 0.32171314741035856 0.026153846153846153 0.037848605577689244
0 0.6846153846153846 0.3595617529880478 0.027692307692307693 0.049800796812749
0 0.5946153846153847 0.25199203187250996 0.026153846153846153 0.025896414342629483
