0 0.37636363636363634 0.5922330097087378 0.01818181818181818 0.02912621359223301
0 0.49454545454545457 0.7014563106796117 0.02181818181818182 0.03398058252427184
0 0.8354545454545454 0.6565533980582524 0.023636363636363636 0.03155339805825243
0 0.77 0.6565533980582524 0.023636363636363636 0.0412621359223301
0 0.30636363636363634 0.6359223300970874 0.023636363636363636 0.03398058252427184
0 0.5236363636363637 0.7742718446601942 0.02181818181818182 0.02912621359223301
0 0.6454545454545455 0.30218446601941745 0.014545454545454545 0.021844660194174758
0 0.8018181818181818 0.2342233009708738 0.014545454545454545 0.021844660194174758
0 0.5709090909090909 0.2220873786407767 0.01090909090909091 0.021844660194174758
0 0.07909090909090909 0.27427184466019416 0.012727272727272728 0.019417475728155338
