0 0.355 0.7127777777777777 0.023333333333333334 0.016666666666666666
0 0.79 0.6383333333333333 0.02 0.014444444444444444
0 0.6683333333333333 0.5288888888888889 0.016666666666666666 0.013333333333333334
0 0.43583333333333335 0.4988888888888889 0.018333333333333333 0.013333333333333334
0 0.465 0.5061111111111111 0.016666666666666666 0.012222222222222223
0 0.7416666666666667 0.6177777777777778 0.016666666666666666 0.013333333333333334
0 0.8283333333333334 0.5222222222222223 0.016666666666666666 0.011111111111111112
0 0.8541666666666666 0.3861111111111111 0.015 0.012222222222222223
0 0.1175 0.545 0.018333333333333333 0.012222222222222223
0 0.07416666666666667 0.43277777777777776 0.015 0.01
0 0.805 0.8455555555555555 0.023333333333333334 0.017777777777777778
0 0.20166666666666666 0.45222222222222225 0.016666666666666666 0.013333333333333334
0 0.8525 0.5922222222222222 0.021666666666666667 0.015555555555555555
0 0.715 0.5 0.02 0.013333333333333334
0 0.8391666666666666 0.4627777777777778 0.015 0.01
0 0.9025 0.45055555555555554 0.015 0.012222222222222223
0 0.7508333333333334 0.43277777777777776 0.015 0.012222222222222223
0 0.48 0.5116666666666667 0.016666666666666666 0.012222222222222223
0 0.245 0.45222222222222225 0.016666666666666666 0.011111111111111112
0 0.31 0.4066666666666667 0.013333333333333334 0.011111111111111112
0 0.0725 0.5172222222222222 0.018333333333333333 0.014444444444444444
0 0.7891666666666667 0.6738888888888889 0.021666666666666667 0.016666666666666666
0 0.965 0.7927777777777778 0.02666666666666667 0.021111111111111112
0 0.12 0.6566666666666666 0.02 0.015555555555555555
