0 0.7588235294117647 0.38392857142857145 0.058823529411764705 0.10714285714285714
0 0.10588235294117647 0.5178571428571429 0.058823529411764705 0.08928571428571429
0 0.17352941176470588 0.48214285714285715 0.052941176470588235 0.08928571428571429
0 0.5205882352941177 0.45982142857142855 0.041176470588235294 0.0625
0 0.5852941176470589 0.45535714285714285 0.041176470588235294 0.05357142857142857
0 0.7058823529411765 0.4330357142857143 0.047058823529411764 0.09821428571428571
0 0.8470588235294118 0.40625 0.10588235294117647 0.11607142857142858
0 0.3176470588235294 0.5044642857142857 0.07058823529411765 0.11607142857142858
0 0.6294117647058823 0.4330357142857143 0.03529411764705882 0.08035714285714286
0 0.6617647058823529 0.45089285714285715 0.041176470588235294 0.08035714285714286
