0 0.4583333333333333 0.5446428571428571 0.12333333333333334 0.1875
0 0.36 0.546875 0.09333333333333334 0.13839285714285715
0 0.06 0.5982142857142857 0.11333333333333333 0.17857142857142858
0 0.10166666666666667 0.5133928571428571 0.07666666666666666 0.11607142857142858
0 0.8933333333333333 0.5133928571428571 0.08666666666666667 0.13392857142857142
0 0.75 0.49330357142857145 0.06666666666666667 0.10267857142857142
0 0.715 0.453125 0.043333333333333335 0.07589285714285714
0 0.6616666666666666 0.46651785714285715 0.056666666666666664 0.08482142857142858
0 0.615 0.46205357142857145 0.05 0.08482142857142858
0 0.565 0.45535714285714285 0.043333333333333335 0.05357142857142857
0 0.16833333333333333 0.38392857142857145 0.043333333333333335 0.0625
0 0.425 0.40625 0.03 0.044642857142857144
0 0.4583333333333333 0.42857142857142855 0.03 0.05357142857142857
0 0.49 0.43080357142857145 0.02666666666666667 0.04017857142857143
0 0.5183333333333333 0.4330357142857143 0.03666666666666667 0.044642857142857144
0 0.3933333333333333 0.40625 0.02 0.03571428571428571
0 0.5133333333333333 0.3705357142857143 0.02 0.026785714285714284
0 0.46166666666666667 0.3638392857142857 0.016666666666666666 0.022321428571428572
