0 0.6625 0.15336658354114713 0.095 0.20199501246882792
0 0.79 0.15835411471321695 0.07666666666666666 0.14214463840399003
0 0.5791666666666667 0.14089775561097256 0.028333333333333332 0.08229426433915212
0 0.5983333333333334 0.12219451371571072 0.02 0.0399002493765586
0 0.4866666666666667 0.3790523690773067 0.023333333333333334 0.0399002493765586
0 0.41333333333333333 0.4775561097256858 0.023333333333333334 0.04239401496259352
0 0.41583333333333333 0.5798004987531172 0.035 0.0773067331670823
0 0.365 0.6658354114713217 0.04 0.06483790523690773
0 0.30666666666666664 0.6733167082294265 0.04666666666666667 0.06982543640897755
0 0.075 0.7917705735660848 0.06 0.09226932668329177
0 0.08916666666666667 0.7456359102244389 0.045 0.059850374064837904
0 0.03833333333333333 0.5785536159600998 0.043333333333333335 0.06982543640897755
0 0.135 0.5324189526184538 0.03333333333333333 0.06234413965087282
0 0.19666666666666666 0.5411471321695761 0.03666666666666667 0.059850374064837904
0 0.3258333333333333 0.42643391521197005 0.021666666666666667 0.0399002493765586
0 0.33416666666666667 0.3865336658354115 0.018333333333333333 0.0399002493765586
