0 0.8125 0.18237704918032788 0.10166666666666667 0.16393442622950818
0 0.7291666666666666 0.23770491803278687 0.058333333333333334 0.0942622950819672
0 0.645 0.4047131147540984 0.10666666666666667 0.11270491803278689
0 0.6666666666666666 0.2336065573770492 0.05 0.0778688524590164
0 0.5966666666666667 0.24282786885245902 0.043333333333333335 0.07172131147540983
0 0.5058333333333334 0.24795081967213115 0.045 0.06967213114754098
0 0.4558333333333333 0.257172131147541 0.055 0.06352459016393443
0 0.3908333333333333 0.26229508196721313 0.051666666666666666 0.06557377049180328
0 0.2875 0.2489754098360656 0.051666666666666666 0.07172131147540983
0 0.2025 0.22745901639344263 0.051666666666666666 0.06147540983606557
0 0.1675 0.25 0.04833333333333333 0.06967213114754098
0 0.10333333333333333 0.2387295081967213 0.09333333333333334 0.13319672131147542
0 0.025 0.24282786885245902 0.04666666666666667 0.10860655737704918
