0 0.577 0.384180790960452 0.022 0.03954802259887006
0 0.613 0.4025423728813559 0.022 0.025423728813559324
0 0.487 0.3107344632768362 0.022 0.03389830508474576
0 0.442 0.2033898305084746 0.024 0.03954802259887006
0 0.387 0.346045197740113 0.018 0.03672316384180791
0 0.353 0.269774011299435 0.022 0.03672316384180791
0 0.304 0.3050847457627119 0.024 0.03389830508474576
0 0.202 0.2994350282485876 0.024 0.02824858757062147
0 0.278 0.326271186440678 0.024 0.03672316384180791
0 0.163 0.3305084745762712 0.026 0.03389830508474576
0 0.129 0.3389830508474576 0.026 0.03954802259887006
0 0.176 0.3177966101694915 0.02 0.031073446327683617
