0 0.4425 0.4799498746867168 0.37833333333333335 0.6390977443609023
0 0.14 0.6779448621553885 0.10333333333333333 0.19298245614035087
0 0.006666666666666667 0.7105263157894737 0.013333333333333334 0.042606516290726815
0 0.010833333333333334 0.6992481203007519 0.021666666666666667 0.040100250626566414
0 0.09333333333333334 0.7117794486215538 0.016666666666666666 0.05513784461152882
0 0.20083333333333334 0.7280701754385965 0.041666666666666664 0.07268170426065163
0 0.2275 0.7218045112781954 0.03166666666666667 0.06516290726817042
0 0.25416666666666665 0.7180451127819549 0.021666666666666667 0.047619047619047616
0 0.2808333333333333 0.7180451127819549 0.035 0.06766917293233082
0 0.5758333333333333 0.7255639097744361 0.041666666666666664 0.08270676691729323
0 0.635 0.7142857142857143 0.03333333333333333 0.06516290726817042
0 0.7108333333333333 0.7142857142857143 0.025 0.05513784461152882
0 0.825 0.6904761904761905 0.04666666666666667 0.07769423558897243
0 0.8758333333333334 0.6979949874686717 0.025 0.042606516290726815
0 0.8975 0.7017543859649122 0.021666666666666667 0.045112781954887216
0 0.9791666666666666 0.6967418546365914 0.03166666666666667 0.05513784461152882
0 0.855 0.6766917293233082 0.023333333333333334 0.05012531328320802
0 0.9275 0.6979949874686717 0.028333333333333332 0.047619047619047616
