0 0.423 0.384180790960452 0.022 0.03954802259887006
0 0.387 0.4025423728813559 0.022 0.025423728813559324
0 0.513 0.3107344632768362 0.022 0.03389830508474576
0 0.558 0.2033898305084746 0.024 0.03954802259887006
0 0.613 0.346045197740113 0.018 0.03672316384180791
0 0.647 0.269774011299435 0.022 0.03672316384180791
0 0.696 0.3050847457627119 0.024 0.03389830508474576
0 0.798 0.2994350282485876 0.024 0.02824858757062147
0 0.722 0.326271186440678 0.024 0.03672316384180791
0 0.837 0.3305084745762712 0.026 0.03389830508474576
0 0.871 0.3389830508474576 0.026 0.03954802259887006
0 0.824 0.3177966101694915 0.02 0.031073446327683617
