0 0.5575 0.4799498746867168 0.37833333333333335 0.6390977443609023
0 0.86 0.6779448621553885 0.10333333333333333 0.19298245614035087
0 0.9933333333333333 0.7105263157894737 0.013333333333333334 0.042606516290726815
0 0.9891666666666666 0.6992481203007519 0.021666666666666667 0.040100250626566414
0 0.9066666666666666 0.7117794486215538 0.016666666666666666 0.05513784461152882
0 0.7991666666666667 0.7280701754385965 0.041666666666666664 0.07268170426065163
0 0.7725 0.7218045112781954 0.03166666666666667 0.06516290726817042
0 0.7458333333333333 0.7180451127819549 0.021666666666666667 0.047619047619047616
0 0.7191666666666666 0.7180451127819549 0.035 0.06766917293233082
0 0.4241666666666667 0.7255639097744361 0.041666666666666664 0.08270676691729323
0 0.365 0.7142857142857143 0.03333333333333333 0.06516290726817042
0 0.2891666666666667 0.7142857142857143 0.025 0.05513784461152882
0 0.175 0.6904761904761905 0.04666666666666667 0.07769423558897243
0 0.12416666666666666 0.6979949874686717 0.025 0.042606516290726815
0 0.1025 0.7017543859649122 0.021666666666666667 0.045112781954887216
0 0.020833333333333332 0.6967418546365914 0.03166666666666667 0.05513784461152882
0 0.145 0.6766917293233082 0.023333333333333334 0.05012531328320802
0 0.0725 0.6979949874686717 0.028333333333333332 0.047619047619047616
