0 0.3611111111111111 0.4041666666666667 0.09444444444444444 0.19166666666666668
0 0.14027777777777778 0.5125 0.058333333333333334 0.125
0 0.2361111111111111 0.49166666666666664 0.08333333333333333 0.15833333333333333
0 0.2902777777777778 0.4708333333333333 0.05277777777777778 0.10833333333333334
0 0.4444444444444444 0.46458333333333335 0.05 0.0875
0 0.5111111111111111 0.43125 0.07222222222222222 0.12083333333333333
0 0.5777777777777777 0.43333333333333335 0.044444444444444446 0.10833333333333334
0 0.625 0.4625 0.06111111111111111 0.14166666666666666
0 0.6597222222222222 0.43333333333333335 0.04722222222222222 0.11666666666666667
0 0.85 0.38125 0.08333333333333333 0.12083333333333333
0 0.9305555555555556 0.44583333333333336 0.03888888888888889 0.075
