0 0.74 0.38666666666666666 0.02 0.013333333333333334
0 0.6375 0.3925 0.02 0.011666666666666667
0 0.625 0.4191666666666667 0.02 0.015
0 0.4775 0.47333333333333333 0.02 0.013333333333333334
0 0.56 0.4925 0.02 0.015
0 0.4975 0.445 0.015 0.013333333333333334
0 0.53125 0.45 0.0175 0.013333333333333334
0 0.26375 0.9008333333333334 0.0375 0.028333333333333332
0 0.27625 0.8616666666666667 0.0425 0.02666666666666667
0 0.3175 0.6733333333333333 0.03 0.02
0 0.3925 0.785 0.035 0.023333333333333334
0 0.59 0.8216666666666667 0.04 0.02666666666666667
0 0.6725 0.495 0.025 0.016666666666666666
