0 0.18 0.49 0.06 0.09333333333333334
0 0.14875 0.45666666666666667 0.0525 0.05333333333333334
0 0.015 0.54 0.025 0.09333333333333334
0 0.22875 0.49 0.0475 0.07333333333333333
0 0.30375 0.49833333333333335 0.0475 0.08333333333333333
0 0.27625 0.49 0.0275 0.05333333333333334
0 0.38125 0.47333333333333333 0.0525 0.07333333333333333
0 0.41 0.47 0.025 0.06666666666666667
0 0.4675 0.49166666666666664 0.045 0.06333333333333334
0 0.50125 0.48333333333333334 0.0225 0.05333333333333334
0 0.56 0.465 0.04 0.06333333333333334
0 0.59875 0.4716666666666667 0.0375 0.07
0 0.6325 0.4683333333333333 0.025 0.03666666666666667
0 0.65875 0.4633333333333333 0.0325 0.05333333333333334
0 0.69125 0.48 0.0275 0.05333333333333334
0 0.73125 0.48 0.0275 0.04
0 0.75125 0.47 0.0225 0.04666666666666667
0 0.79 0.495 0.03 0.043333333333333335
