0 0.82 0.49 0.06 0.09333333333333334
0 0.85125 0.45666666666666667 0.0525 0.05333333333333334
0 0.985 0.54 0.025 0.09333333333333334
0 0.77125 0.49 0.0475 0.07333333333333333
0 0.69625 0.49833333333333335 0.0475 0.08333333333333333
0 0.72375 0.49 0.0275 0.05333333333333334
0 0.61875 0.47333333333333333 0.0525 0.07333333333333333
0 0.59 0.47 0.025 0.06666666666666667
0 0.5325 0.49166666666666664 0.045 0.06333333333333334
0 0.49875 0.48333333333333334 0.0225 0.05333333333333334
0 0.44 0.465 0.04 0.06333333333333334
0 0.40125 0.4716666666666667 0.0375 0.07
0 0.3675 0.4683333333333333 0.025 0.03666666666666667
0 0.34125 0.4633333333333333 0.0325 0.05333333333333334
0 0.30875 0.48 0.0275 0.05333333333333334
0 0.26875 0.48 0.0275 0.04
0 0.24875 0.47 0.0225 0.04666666666666667
0 0.21 0.495 0.03 0.043333333333333335
