0 0.22126081582200247 0.45454545454545453 0.08405438813349815 0.1711229946524064
0 0.3689740420271941 0.624777183600713 0.030902348578491966 0.058823529411764705
0 0.507416563658838 0.6675579322638147 0.0580964153275649 0.11586452762923351
0 0.6131025957972805 0.7245989304812834 0.049443757725587144 0.0873440285204991
0 0.6415327564894932 0.7718360071301248 0.029666254635352288 0.053475935828877004
0 0.6835599505562423 0.7914438502673797 0.024721878862793572 0.049910873440285206
0 0.7243510506798516 0.820855614973262 0.022249690976514216 0.0374331550802139
0 0.7466007416563659 0.8422459893048129 0.0173053152039555 0.030303030303030304
0 0.7645241038318912 0.8377896613190731 0.016069221260815822 0.03208556149732621
0 0.7991347342398022 0.8475935828877005 0.018541409147095178 0.030303030303030304
0 0.8294190358467244 0.8609625668449198 0.014833127317676144 0.024955436720142603
