0 0.6245828698553949 0.35231316725978645 0.05672969966629588 0.099644128113879
0 0.44549499443826474 0.28291814946619215 0.047830923248053395 0.08896797153024912
0 0.22525027808676307 0.3932384341637011 0.04560622914349277 0.07829181494661921
0 0.2992213570634038 0.6601423487544484 0.042269187986651836 0.07473309608540925
0 0.3631813125695217 0.6672597864768683 0.034482758620689655 0.06405693950177936
0 0.39933259176863184 0.6957295373665481 0.03114571746384872 0.05338078291814947
0 0.43770856507230255 0.6147686832740213 0.04338153503893215 0.0800711743772242
0 0.5011123470522804 0.6530249110320284 0.041156840934371525 0.06405693950177936
0 0.532258064516129 0.6672597864768683 0.034482758620689655 0.05693950177935943
0 0.6635150166852057 0.6779359430604982 0.041156840934371525 0.05693950177935943
