0 0.14272727272727273 0.5149863760217984 0.08181818181818182 0.15258855585831063
0 0.21 0.6185286103542235 0.06 0.09264305177111716
0 0.22818181818181818 0.5735694822888283 0.06 0.1008174386920981
0 0.43272727272727274 0.5722070844686649 0.06181818181818182 0.11989100817438691
0 0.4772727272727273 0.5926430517711172 0.045454545454545456 0.1008174386920981
0 0.5372727272727272 0.5722070844686649 0.06 0.11444141689373297
0 0.7790909090909091 0.6021798365122616 0.04181818181818182 0.09809264305177112
0 0.8409090909090909 0.6348773841961853 0.04181818181818182 0.08719346049046321
0 0.9718181818181818 0.6294277929155313 0.038181818181818185 0.08174386920980926
0 0.7509090909090909 0.6267029972752044 0.02909090909090909 0.0653950953678474
0 0.8072727272727273 0.611716621253406 0.025454545454545455 0.051771117166212535
0 0.056363636363636366 0.5640326975476839 0.025454545454545455 0.04904632152588556
0 0.024545454545454544 0.5762942779291553 0.023636363636363636 0.04632152588555858
0 0.004545454545454545 0.5749318801089919 0.00909090909090909 0.0326975476839237
0 0.39 0.5953678474114441 0.03090909090909091 0.05722070844686648
