0 0.1921875 0.26956521739130435 0.053125 0.09565217391304348
0 0.21953125 0.3706521739130435 0.0640625 0.1108695652173913
0 0.328125 0.34456521739130436 0.06875 0.11956521739130435
0 0.44453125 0.3239130434782609 0.0609375 0.10869565217391304
0 0.54765625 0.32717391304347826 0.0703125 0.11521739130434783
0 0.68203125 0.33804347826086956 0.0578125 0.10652173913043478
0 0.90078125 0.3119565217391304 0.0546875 0.09782608695652174
0 0.9515625 0.3358695652173913 0.03125 0.041304347826086954
0 0.29453125 0.1565217391304348 0.0203125 0.0391304347826087
0 0.3359375 0.14673913043478262 0.025 0.03695652173913044
