0 0.1835 0.05533980582524272 0.083 0.09902912621359224
0 0.2785 0.11019417475728155 0.079 0.09029126213592233
0 0.3995 0.059223300970873784 0.075 0.10485436893203884
0 0.5585 0.0883495145631068 0.081 0.09902912621359224
0 0.7165 0.062135922330097085 0.077 0.09902912621359224
0 0.878 0.0854368932038835 0.08 0.1029126213592233
0 0.8815 0.3975728155339806 0.087 0.09805825242718447
0 0.67 0.3558252427184466 0.084 0.11359223300970873
0 0.554 0.39611650485436894 0.09 0.0854368932038835
0 0.3565 0.3990291262135922 0.089 0.11067961165048544
0 0.1945 0.38786407766990294 0.089 0.10776699029126213
0 0.1525 0.6946601941747573 0.085 0.11553398058252427
0 0.225 0.6927184466019417 0.066 0.10582524271844661
0 0.3735 0.6864077669902913 0.069 0.09514563106796116
0 0.4835 0.6990291262135923 0.063 0.09320388349514563
0 0.5905 0.7019417475728156 0.075 0.07961165048543689
0 0.6995 0.6757281553398058 0.069 0.0912621359223301
0 0.7845 0.7257281553398058 0.067 0.0883495145631068
0 0.902 0.704368932038835 0.068 0.0941747572815534
