0 0.2963636363636364 0.4305177111716621 0.11636363636363636 0.21798365122615804
0 0.36454545454545456 0.46866485013623976 0.04181818181818182 0.09809264305177112
0 0.38636363636363635 0.49318801089918257 0.016363636363636365 0.043596730245231606
0 0.4036363636363636 0.502724795640327 0.02181818181818182 0.051771117166212535
0 0.46 0.5272479564032697 0.025454545454545455 0.05722070844686648
0 0.4909090909090909 0.5081743869209809 0.02181818181818182 0.04632152588555858
0 0.5272727272727272 0.49182561307901906 0.05090909090909091 0.1008174386920981
0 0.59 0.611716621253406 0.04181818181818182 0.07901907356948229
0 0.5536363636363636 0.494550408719346 0.016363636363636365 0.04632152588555858
0 0.7063636363636364 0.5354223433242506 0.08181818181818182 0.10626702997275204
0 0.7781818181818182 0.49727520435967304 0.03636363636363636 0.07356948228882834
0 0.8727272727272727 0.4877384196185286 0.05090909090909091 0.10354223433242507
0 0.04454545454545455 0.49318801089918257 0.038181818181818185 0.07084468664850137
0 0.13818181818181818 0.5095367847411444 0.025454545454545455 0.05449591280653951
