0 0.4875 0.7133333333333334 0.09833333333333333 0.2
0 0.7 0.47333333333333333 0.043333333333333335 0.08666666666666667
0 0.3283333333333333 0.405 0.03 0.09
0 0.4091666666666667 0.505 0.021666666666666667 0.043333333333333335
0 0.3983333333333333 0.43333333333333335 0.016666666666666666 0.04
0 0.49333333333333335 0.405 0.01 0.023333333333333334
0 0.4741666666666667 0.515 0.018333333333333333 0.043333333333333335
0 0.4633333333333333 0.46166666666666667 0.013333333333333334 0.03
0 0.5208333333333334 0.45166666666666666 0.015 0.03666666666666667
0 0.59 0.4583333333333333 0.013333333333333334 0.03
0 0.5583333333333333 0.45166666666666666 0.01 0.03
0 0.2825 0.37666666666666665 0.015 0.03333333333333333
