0 0.31666666666666665 0.62875 0.07333333333333333 0.1025
0 0.2916666666666667 0.40625 0.04 0.0775
0 0.5733333333333334 0.5625 0.05 0.085
0 0.5425 0.44375 0.041666666666666664 0.0625
0 0.52 0.43125 0.03 0.0625
0 0.45666666666666667 0.4225 0.03 0.06
0 0.19916666666666666 0.405 0.035 0.065
0 0.15916666666666668 0.3975 0.03833333333333333 0.065
0 0.03833333333333333 0.405 0.03333333333333333 0.07
0 0.6891666666666667 0.39125 0.06166666666666667 0.1075
0 0.4 0.34375 0.056666666666666664 0.1125
0 0.6458333333333334 0.4625 0.03166666666666667 0.065
0 0.6075 0.4325 0.035 0.07
0 0.7783333333333333 0.3075 0.07333333333333333 0.125
0 0.8808333333333334 0.3825 0.04833333333333333 0.075
0 0.9866666666666667 0.465 0.02666666666666667 0.06
0 0.99 0.3675 0.02 0.075
