0 0.42041015625 0.6604330708661418 0.1591796875 0.4074803149606299
0 0.06787109375 0.843503937007874 0.0400390625 0.11220472440944881
0 0.58154296875 0.6938976377952756 0.0185546875 0.0688976377952756
0 0.677734375 0.7017716535433071 0.01953125 0.0531496062992126
0 0.66357421875 0.6840551181102362 0.0126953125 0.0531496062992126
0 0.6669921875 0.29429133858267714 0.1171875 0.2736220472440945
0 0.828125 0.4242125984251969 0.01171875 0.02952755905511811
0 0.8037109375 0.23523622047244094 0.01171875 0.03346456692913386
0 0.8232421875 0.22933070866141733 0.009765625 0.02952755905511811
0 0.8037109375 0.20275590551181102 0.009765625 0.027559055118110236
0 0.865234375 0.23326771653543307 0.013671875 0.03346456692913386
0 0.87646484375 0.19389763779527558 0.0107421875 0.025590551181102362
0 0.85693359375 0.19389763779527558 0.0087890625 0.025590551181102362
0 0.84130859375 0.19586614173228348 0.0087890625 0.025590551181102362
0 0.8232421875 0.19389763779527558 0.009765625 0.025590551181102362
