0 0.7003125 0.47208333333333335 0.019375 0.030833333333333334
0 0.7353125 0.50125 0.023125 0.03916666666666667
0 0.8228125 0.35375 0.026875 0.035833333333333335
0 0.804375 0.2704166666666667 0.02 0.0375
0 0.7459375 0.41791666666666666 0.024375 0.03916666666666667
0 0.7528125 0.37833333333333335 0.021875 0.03
0 0.5859375 0.5866666666666667 0.021875 0.035
0 0.1925 0.37166666666666665 0.01875 0.025
0 0.18875 0.31958333333333333 0.02 0.025833333333333333
0 0.241875 0.28583333333333333 0.01875 0.025
0 0.131875 0.6583333333333333 0.0225 0.028333333333333332
0 0.4803125 0.6466666666666666 0.020625 0.03166666666666667
0 0.8509375 0.21583333333333332 0.021875 0.03333333333333333
0 0.8296875 0.18166666666666667 0.021875 0.03
0 0.843125 0.155 0.02 0.02666666666666667
0 0.865 0.11958333333333333 0.02 0.034166666666666665
0 0.8734375 0.09791666666666667 0.018125 0.024166666666666666
0 0.3934375 0.1825 0.014375 0.023333333333333334
0 0.5015625 0.4920833333333333 0.016875 0.029166666666666667
