0 0.85 0.180625 0.08 0.15375
0 0.8820833333333333 0.229375 0.03916666666666667 0.08125
0 0.92375 0.193125 0.0425 0.08875
0 0.7983333333333333 0.234375 0.05 0.08375
0 0.7745833333333333 0.215 0.034166666666666665 0.0825
0 0.7375 0.190625 0.06166666666666667 0.16125
0 0.6916666666666667 0.19125 0.09 0.175
0 0.5825 0.143125 0.11333333333333333 0.21625
0 0.4891666666666667 0.15 0.09833333333333333 0.24
0 0.41083333333333333 0.18625 0.19 0.36
0 0.2704166666666667 0.17375 0.07416666666666667 0.1375
0 0.22125 0.078125 0.050833333333333335 0.13125
