0 0.6281818181818182 0.2955163043478261 0.12363636363636364 0.22146739130434784
0 0.7654545454545455 0.250679347826087 0.18727272727272729 0.2921195652173913
0 0.9018181818181819 0.30027173913043476 0.11636363636363636 0.22826086956521738
0 0.9877272727272727 0.2866847826086957 0.022727272727272728 0.12228260869565218
0 0.475 0.296875 0.04090909090909091 0.06114130434782609
0 0.3795454545454545 0.30910326086956524 0.04454545454545455 0.06385869565217392
0 0.3004545454545455 0.29891304347826086 0.022727272727272728 0.03804347826086957
0 0.2736363636363636 0.30434782608695654 0.02909090909090909 0.057065217391304345
0 0.24227272727272728 0.3125 0.03363636363636364 0.06793478260869565
0 0.4168181818181818 0.30842391304347827 0.019090909090909092 0.03260869565217391
0 0.3990909090909091 0.297554347826087 0.02 0.043478260869565216
0 0.3668181818181818 0.28532608695652173 0.035454545454545454 0.05434782608695652
