0 0.2996875 0.47208333333333335 0.019375 0.030833333333333334
0 0.2646875 0.50125 0.023125 0.03916666666666667
0 0.1771875 0.35375 0.026875 0.035833333333333335
0 0.195625 0.2704166666666667 0.02 0.0375
0 0.2540625 0.41791666666666666 0.024375 0.03916666666666667
0 0.2471875 0.37833333333333335 0.021875 0.03
0 0.4140625 0.5866666666666667 0.021875 0.035
0 0.8075 0.37166666666666665 0.01875 0.025
0 0.81125 0.31958333333333333 0.02 0.025833333333333333
0 0.758125 0.28583333333333333 0.01875 0.025
0 0.868125 0.6583333333333333 0.0225 0.028333333333333332
0 0.5196875 0.6466666666666666 0.020625 0.03166666666666667
0 0.1490625 0.21583333333333332 0.021875 0.03333333333333333
0 0.1703125 0.18166666666666667 0.021875 0.03
0 0.156875 0.155 0.02 0.02666666666666667
0 0.135 0.11958333333333333 0.02 0.034166666666666665
0 0.1265625 0.09791666666666667 0.018125 0.024166666666666666
0 0.6065625 0.1825 0.014375 0.023333333333333334
0 0.4984375 0.4920833333333333 0.016875 0.029166666666666667
