0 0.6729957805907173 0.44934333958724204 0.04922644163150492 0.07692307692307693
0 0.44233473980309423 0.4643527204502814 0.035161744022503515 0.06566604127579738
0 0.450070323488045 0.3030018761726079 0.03375527426160337 0.06191369606003752
0 0.47890295358649787 0.2851782363977486 0.026722925457102673 0.0450281425891182
0 0.5492264416315049 0.2926829268292683 0.03234880450070324 0.05628517823639775
0 0.5260196905766527 0.2879924953095685 0.02531645569620253 0.058161350844277676
0 0.6230661040787623 0.2861163227016886 0.030942334739803096 0.05065666041275797
0 0.3909985935302391 0.31801125703564725 0.030942334739803096 0.058161350844277676
0 0.4184247538677918 0.3227016885553471 0.029535864978902954 0.0525328330206379
0 0.3059071729957806 0.2973733583489681 0.035161744022503515 0.058161350844277676
0 0.12236286919831224 0.32645403377110693 0.03656821378340366 0.0600375234521576
0 0.06329113924050633 0.33583489681050654 0.0450070323488045 0.06378986866791744
0 0.7580872011251758 0.2767354596622889 0.04219409282700422 0.07317073170731707
0 0.8241912798874824 0.300187617260788 0.053445850914205346 0.075046904315197
0 0.9015471167369902 0.2861163227016886 0.04219409282700422 0.06941838649155722
0 0.7257383966244726 0.3030018761726079 0.03375527426160337 0.058161350844277676
0 0.37412095639943743 0.300187617260788 0.02250351617440225 0.04127579737335835
