0 0.8682142857142857 0.3742857142857143 0.08642857142857142 0.18571428571428572
0 0.95 0.3692857142857143 0.03571428571428571 0.10142857142857142
0 0.8210714285714286 0.3842857142857143 0.035 0.10285714285714286
0 0.7203571428571428 0.3792857142857143 0.04071428571428572 0.10142857142857142
0 0.6225 0.3692857142857143 0.04214285714285714 0.09571428571428571
0 0.5457142857142857 0.3464285714285714 0.037142857142857144 0.09571428571428571
0 0.49107142857142855 0.3578571428571429 0.04214285714285714 0.10428571428571429
0 0.4203571428571429 0.3392857142857143 0.04071428571428572 0.08714285714285715
0 0.3889285714285714 0.30642857142857144 0.023571428571428573 0.06428571428571428
0 0.3578571428571429 0.3807142857142857 0.08428571428571428 0.2042857142857143
0 0.3175 0.3442857142857143 0.04357142857142857 0.12571428571428572
0 0.2907142857142857 0.3292857142857143 0.032857142857142856 0.10142857142857142
0 0.21821428571428572 0.3142857142857143 0.06357142857142857 0.13428571428571429
0 0.15321428571428572 0.31857142857142856 0.047857142857142855 0.12571428571428572
0 0.11178571428571428 0.32071428571428573 0.03785714285714286 0.11
0 0.03214285714285714 0.335 0.06285714285714286 0.16428571428571428
