0 0.56640625 0.16430260047281323 0.05078125 0.13002364066193853
0 0.6494140625 0.14184397163120568 0.05078125 0.13711583924349882
0 0.748046875 0.12174940898345153 0.04296875 0.11583924349881797
0 0.78466796875 0.17375886524822695 0.0126953125 0.04018912529550828
0 0.29931640625 0.1359338061465721 0.0458984375 0.1347517730496454
0 0.408203125 0.12411347517730496 0.037109375 0.09219858156028368
0 0.5205078125 0.1288416075650118 0.03515625 0.08747044917257683
0 0.81591796875 0.17139479905437352 0.0107421875 0.026004728132387706
0 0.86181640625 0.17494089834515367 0.0107421875 0.02364066193853428
0 0.22900390625 0.013002364066193853 0.0048828125 0.01182033096926714
0 0.22412109375 0.008274231678486997 0.0048828125 0.01182033096926714
