0 0.4 0.4111470113085622 0.07272727272727272 0.09531502423263329
0 0.5466666666666666 0.31179321486268174 0.041212121212121214 0.05492730210016155
0 0.7381818181818182 0.3949919224555735 0.06060606060606061 0.09531502423263329
0 0.8909090909090909 0.3780290791599354 0.06303030303030303 0.09369951534733441
0 0.8466666666666667 0.35864297253634897 0.05696969696969697 0.07754442649434572
0 0.5806060606060606 0.40226171243941844 0.06303030303030303 0.09369951534733441
0 0.3387878787878788 0.33279483037156704 0.03272727272727273 0.045234248788368334
0 0.24787878787878787 0.4289176090468498 0.07878787878787878 0.09854604200323101
0 0.22787878787878788 0.3360258481421648 0.03393939393939394 0.045234248788368334
0 0.1703030303030303 0.3344103392568659 0.037575757575757575 0.051696284329563816
0 0.10242424242424242 0.4273021001615509 0.08606060606060606 0.10177705977382875
0 0.03272727272727273 0.3715670436187399 0.06545454545454546 0.09369951534733441
0 0.05333333333333334 0.3481421647819063 0.02666666666666667 0.04038772213247173
