0 0.42894393741851367 0.3420074349442379 0.1303780964797914 0.483271375464684
0 0.4915254237288136 0.3736059479553903 0.028683181225554105 0.21189591078066913
0 0.7105606258148631 0.44981412639405205 0.08344198174706649 0.3048327137546468
0 0.8526727509778357 0.570631970260223 0.03650586701434159 0.1524163568773234
0 0.9022164276401564 0.3996282527881041 0.05215123859191656 0.1895910780669145
0 0.9745762711864406 0.41263940520446096 0.03780964797913951 0.16356877323420074
0 0.8389830508474576 0.3754646840148699 0.048239895697522815 0.13382899628252787
0 0.29335071707953064 0.4758364312267658 0.05736636245110821 0.2527881040892193
0 0.23859191655801826 0.45353159851301117 0.07822685788787484 0.26022304832713755
0 0.044980443285528034 0.483271375464684 0.07431551499348109 0.26765799256505574
