0 0.57958984375 0.6604330708661418 0.1591796875 0.4074803149606299
0 0.93212890625 0.843503937007874 0.0400390625 0.11220472440944881
0 0.41845703125 0.6938976377952756 0.0185546875 0.0688976377952756
0 0.322265625 0.7017716535433071 0.01953125 0.0531496062992126
0 0.33642578125 0.6840551181102362 0.0126953125 0.0531496062992126
0 0.3330078125 0.29429133858267714 0.1171875 0.2736220472440945
0 0.171875 0.4242125984251969 0.01171875 0.02952755905511811
0 0.1962890625 0.23523622047244094 0.01171875 0.03346456692913386
0 0.1767578125 0.22933070866141733 0.009765625 0.02952755905511811
0 0.1962890625 0.20275590551181102 0.009765625 0.027559055118110236
0 0.134765625 0.23326771653543307 0.013671875 0.03346456692913386
0 0.12353515625 0.19389763779527558 0.0107421875 0.025590551181102362
0 0.14306640625 0.19389763779527558 0.0087890625 0.025590551181102362
0 0.15869140625 0.19586614173228348 0.0087890625 0.025590551181102362
0 0.1767578125 0.19389763779527558 0.009765625 0.025590551181102362
