0 0.32416666666666666 0.466875 0.02666666666666667 0.05375
0 0.28541666666666665 0.875 0.034166666666666665 0.07
0 0.5991666666666666 0.804375 0.03333333333333333 0.06125
0 0.7141666666666666 0.800625 0.043333333333333335 0.05875
0 0.8233333333333334 0.78 0.03666666666666667 0.0675
0 0.8529166666666667 0.953125 0.060833333333333336 0.08875
0 0.09875 0.521875 0.034166666666666665 0.04875
0 0.16125 0.645625 0.0225 0.03625
0 0.24375 0.638125 0.029166666666666667 0.04375
0 0.15458333333333332 0.429375 0.0275 0.05125
0 0.06208333333333333 0.4575 0.025833333333333333 0.04
0 0.3125 0.44125 0.023333333333333334 0.035
0 0.3408333333333333 0.45875 0.025 0.055
0 0.37666666666666665 0.44375 0.03 0.0525
0 0.50625 0.505 0.030833333333333334 0.05
0 0.5020833333333333 0.404375 0.0225 0.03875
0 0.45 0.420625 0.023333333333333334 0.04125
0 0.5283333333333333 0.3775 0.021666666666666667 0.035
0 0.92125 0.52 0.034166666666666665 0.0575
0 0.775 0.31375 0.018333333333333333 0.0275
0 0.81375 0.29 0.020833333333333332 0.03
0 0.8304166666666667 0.2475 0.019166666666666665 0.03
0 0.8379166666666666 0.301875 0.014166666666666666 0.02625
