0 0.33447265625 0.33601756954612005 0.1005859375 0.19765739385065886
0 0.16552734375 0.36749633967789164 0.1513671875 0.26939970717423134
0 0.46630859375 0.3989751098096633 0.0341796875 0.060029282576866766
0 0.49853515625 0.45314787701317716 0.0322265625 0.05417276720351391
0 0.49658203125 0.4143484626647145 0.0283203125 0.040995607613469986
0 0.51025390625 0.3953147877013177 0.0126953125 0.02635431918008785
0 0.5302734375 0.4158125915080527 0.005859375 0.008784773060029283
0 0.59375 0.34553440702781846 0.08984375 0.16398243045387995
0 0.6689453125 0.4465592972181552 0.02734375 0.0527086383601757
0 0.63818359375 0.42020497803806733 0.0146484375 0.032210834553440704
0 0.62158203125 0.45168374816983897 0.0185546875 0.03953147877013177
0 0.685546875 0.4377745241581259 0.0078125 0.017569546120058566
0 0.7275390625 0.4743777452415813 0.025390625 0.03513909224011713
0 0.84912109375 0.4707174231332357 0.0087890625 0.016105417276720352
0 0.93994140625 0.4633967789165447 0.0615234375 0.09224011713030747
