0 0.5045180722891567 0.2680722891566265 0.06777108433734935 0.14323962516733602
0 0.6067394578313253 0.2901606425702811 0.06664156626506035 0.15194109772423026
0 0.6957831325301205 0.14725568942436412 0.09149096385542177 0.19611780455153957
0 0.8423381024096386 0.2776104417670683 0.10222138554216875 0.2078313253012048
0 0.42413403614457834 0.34822623828647925 0.05384036144578319 0.1268406961178045
0 0.44399472891566266 0.2680722891566265 0.044992469879518104 0.10776439089692108
0 0.3770707831325301 0.3134203480589023 0.04442771084337349 0.10274431057563592
0 0.3472326807228916 0.37918340026773767 0.05440512048192769 0.12182061579651944
0 0.28294427710843373 0.34270414993306564 0.05233433734939763 0.10642570281124503
0 0.21536144578313254 0.37633868808567605 0.05045180722891568 0.10408299866131188
