0 0.2483333333333334 0.455866273352999 0.04600000000000004 0.0780334316617502
0 0.21516666666666673 0.488086529006883 0.011666666666666714 0.02869616519174044
0 0.1835 0.4853176007866273 0.008999999999999897 0.017117010816125818
0 0.13816666666666666 0.48833824975417894 0.009666666666666712 0.015103244837758125
0 0.35016666666666674 0.46945919370698136 0.047666666666666746 0.08709537856440508
0 0.4311666666666667 0.4825486725663717 0.04499999999999993 0.08407472959685346
0 0.47783333333333333 0.4634178957718781 0.03633333333333333 0.06192330383480831
0 0.589 0.4568731563421829 0.043333333333333446 0.05890265486725669
0 0.4665 0.33957128810226156 0.004999999999999893 0.00956538839724684
0 0.5253333333333334 0.37808456243854477 0.004666666666666597 0.009061946902654876
0 0.698 0.45788003933136673 0.04200000000000004 0.06393706981317601
0 0.769 0.38639134709931167 0.0040000000000000036 0.006544739429695132
0 0.7735000000000001 0.3831189773844641 0.003666666666666707 0.007048180924287181
0 0.7806666666666666 0.38135693215339234 0.004666666666666597 0.006544739429695132
0 0.03200000000000003 0.5912920353982302 0.029333333333333433 0.054875122910521136
