0 0.7516666666666666 0.455866273352999 0.04600000000000004 0.0780334316617502
0 0.7848333333333333 0.488086529006883 0.011666666666666714 0.02869616519174044
0 0.8165 0.4853176007866273 0.008999999999999897 0.017117010816125818
0 0.8618333333333333 0.48833824975417894 0.009666666666666712 0.015103244837758125
0 0.6498333333333333 0.46945919370698136 0.047666666666666746 0.08709537856440508
0 0.5688333333333333 0.4825486725663717 0.04499999999999993 0.08407472959685346
0 0.5221666666666667 0.4634178957718781 0.03633333333333333 0.06192330383480831
0 0.411 0.4568731563421829 0.043333333333333335 0.05890265486725669
0 0.5335 0.33957128810226156 0.004999999999999893 0.00956538839724684
0 0.4746666666666666 0.37808456243854477 0.004666666666666708 0.009061946902654876
0 0.302 0.45788003933136673 0.04200000000000004 0.06393706981317601
0 0.23099999999999998 0.38639134709931167 0.0040000000000000036 0.006544739429695132
0 0.22649999999999998 0.3831189773844641 0.0036666666666666514 0.007048180924287181
0 0.21933333333333332 0.38135693215339234 0.004666666666666652 0.006544739429695132
0 0.968 0.5912920353982302 0.029333333333333433 0.054875122910521136
